0 -0
-3.91224e-05 -0.333333
-7.82462e-05 -0.666667
-0.000117372 -1
-0.000156498 -1.33333
-0.000195627 -1.66667
-0.000234757 -2
-0.000273888 -2.33333
-0.000313021 -2.66667
-0.000352155 -3
-0.000391291 -3.33333
-0.000430428 -3.66667
-0.000469567 -4
-0.000508707 -4.33333
-0.000547849 -4.66667
-0.000586992 -5
-0.000626136 -5.33333
-0.000665283 -5.66667
-0.00070443 -6
-0.00074358 -6.33333
-0.00078273 -6.66667
-0.000821882 -7
-0.000861036 -7.33333
-0.000900191 -7.66667
-0.000939348 -8
-0.000978506 -8.33333
-0.00101767 -8.66667
-0.00105683 -9
-0.00109599 -9.33333
-0.00113515 -9.66667
-0.00117432 -10
-0.00121349 -10.3333
-0.00125265 -10.6667
-0.00129182 -11
-0.001331 -11.3333
-0.00137017 -11.6667
-0.00140934 -12
-0.00144852 -12.3333
-0.0014877 -12.6667
-0.00152688 -13
-0.00156606 -13.3333
-0.00160524 -13.6667
-0.00164442 -14
-0.00168361 -14.3333
-0.00172279 -14.6667
-0.00176198 -15
-0.00180117 -15.3333
-0.00184036 -15.6667
-0.00187955 -16
-0.00191875 -16.3333
-0.00195794 -16.6667
-0.00199714 -17
-0.00203634 -17.3333
-0.00207554 -17.6667
-0.00211474 -18
-0.00215394 -18.3333
-0.00219315 -18.6667
-0.00223235 -19
-0.00227156 -19.3333
-0.00231077 -19.6667
-0.00234998 -20
-0.00238919 -20.3333
-0.0024284 -20.6667
-0.00246762 -21
-0.00250684 -21.3333
-0.00254605 -21.6667
-0.00258527 -22
-0.00262449 -22.3333
-0.00266372 -22.6667
-0.00270294 -23
-0.00274216 -23.3333
-0.00278139 -23.6667
-0.00282062 -24
-0.00285985 -24.3333
-0.00289908 -24.6667
-0.00293831 -25
-0.00297755 -25.3333
-0.00301678 -25.6667
-0.00305602 -26
-0.00309526 -26.3333
-0.0031345 -26.6667
-0.00317374 -27
-0.00321298 -27.3333
-0.00325223 -27.6667
-0.00329148 -28
-0.00333072 -28.3333
-0.00336997 -28.6667
-0.00340922 -29
-0.00344848 -29.3333
-0.00348773 -29.6667
-0.00352698 -30
-0.00356624 -30.3333
-0.0036055 -30.6667
-0.00364476 -31
-0.00368402 -31.3333
-0.00372328 -31.6667
-0.00376255 -32
-0.00380181 -32.3333
-0.00384108 -32.6667
-0.00388035 -33
-0.00391962 -33.3333
-0.00395889 -33.6667
-0.00399816 -34
-0.00403744 -34.3333
-0.00407672 -34.6667
-0.00411599 -35
-0.00415527 -35.3333
-0.00419455 -35.6667
-0.00423384 -36
-0.00427312 -36.3333
-0.0043124 -36.6667
-0.00435169 -37
-0.00439098 -37.3333
-0.00443027 -37.6667
-0.00446956 -38
-0.00450885 -38.3333
-0.00454815 -38.6667
-0.00458744 -39
-0.00462674 -39.3333
-0.00466604 -39.6667
-0.00470534 -40
-0.00474464 -40.3333
-0.00478394 -40.6667
-0.00482325 -41
-0.00486256 -41.3333
-0.00490186 -41.6667
-0.00494117 -42
-0.00498048 -42.3333
-0.0050198 -42.6667
-0.00505911 -43
-0.00509843 -43.3333
-0.00513774 -43.6667
-0.00517706 -44
-0.00521638 -44.3333
-0.0052557 -44.6667
-0.00529502 -45
-0.00533435 -45.3333
-0.00537367 -45.6667
-0.005413 -46
-0.00545233 -46.3333
-0.00549166 -46.6667
-0.00553099 -47
-0.00557033 -47.3333
-0.00560966 -47.6667
-0.005649 -48
-0.00568834 -48.3333
-0.00572767 -48.6667
-0.00576702 -49
-0.00580636 -49.3333
-0.0058457 -49.6667
-0.00588505 -50
-0.00592439 -50.3333
-0.00596374 -50.6667
-0.00600309 -51
-0.00604244 -51.3333
-0.0060818 -51.6667
-0.00612115 -52
-0.00616051 -52.3333
-0.00619986 -52.6667
-0.00623922 -53
-0.00627858 -53.3333
-0.00631795 -53.6667
-0.00635731 -54
-0.00639667 -54.3333
-0.00643604 -54.6667
-0.00647541 -55
-0.00651478 -55.3333
-0.00655415 -55.6667
-0.00659352 -56
-0.0066329 -56.3333
-0.00667227 -56.6667
-0.00671165 -57
-0.00675103 -57.3333
-0.00679041 -57.6667
-0.00682979 -58
-0.00686917 -58.3333
-0.00690856 -58.6667
-0.00694794 -59
-0.00698733 -59.3333
-0.00702672 -59.6667
-0.00706611 -60
-0.0071055 -60.3333
-0.0071449 -60.6667
-0.00718429 -61
-0.00722369 -61.3333
-0.00726309 -61.6667
-0.00730249 -62
-0.00734189 -62.3333
-0.00738129 -62.6667
-0.00742069 -63
-0.0074601 -63.3333
-0.00749951 -63.6667
-0.00753892 -64
-0.00757833 -64.3333
-0.00761774 -64.6667
-0.00765715 -65
-0.00769657 -65.3333
-0.00773598 -65.6667
-0.0077754 -66
-0.00781482 -66.3333
-0.00785424 -66.6667
-0.00789366 -67
-0.00793309 -67.3333
-0.00797251 -67.6667
-0.00801194 -68
-0.00805137 -68.3333
-0.0080908 -68.6667
-0.00813023 -69
-0.00816966 -69.3333
-0.0082091 -69.6667
-0.00824853 -70
-0.00828797 -70.3333
-0.00832741 -70.6667
-0.00836685 -71
-0.00840629 -71.3333
-0.00844574 -71.6667
-0.00848518 -72
-0.00852463 -72.3333
-0.00856408 -72.6667
-0.00860353 -73
-0.00864298 -73.3333
-0.00868243 -73.6667
-0.00872188 -74
-0.00876134 -74.3333
-0.0088008 -74.6667
-0.00884026 -75
-0.00887972 -75.3333
-0.00891918 -75.6667
-0.00895864 -76
-0.00899811 -76.3333
-0.00903757 -76.6667
-0.00907704 -77
-0.00911651 -77.3333
-0.00915598 -77.6667
-0.00919545 -78
-0.00923493 -78.3333
-0.0092744 -78.6667
-0.00931388 -79
-0.00935336 -79.3333
-0.00939284 -79.6667
-0.00943232 -80
-0.0094718 -80.3333
-0.00951129 -80.6667
-0.00955077 -81
-0.00959026 -81.3333
-0.00962975 -81.6667
-0.00966924 -82
-0.00970873 -82.3333
-0.00974823 -82.6667
-0.00978772 -83
-0.00982722 -83.3333
-0.00986672 -83.6667
-0.00990622 -84
-0.00994572 -84.3333
-0.00998522 -84.6667
-0.0100247 -85
-0.0100642 -85.3333
-0.0101037 -85.6667
-0.0101432 -86
-0.0101828 -86.3333
-0.0102223 -86.6667
-0.0102618 -87
-0.0103013 -87.3333
-0.0103408 -87.6667
-0.0103803 -88
-0.0104199 -88.3333
-0.0104594 -88.6667
-0.0104989 -89
-0.0105384 -89.3333
-0.0105779 -89.6667
-0.0106175 -90
-0.010657 -90.3333
-0.0106965 -90.6667
-0.0107361 -91
-0.0107756 -91.3333
-0.0108151 -91.6667
-0.0108547 -92
-0.0108942 -92.3333
-0.0109337 -92.6667
-0.0109733 -93
-0.0110128 -93.3333
-0.0110524 -93.6667
-0.0110919 -94
-0.0111315 -94.3333
-0.011171 -94.6667
-0.0112106 -95
-0.0112501 -95.3333
-0.0112897 -95.6667
-0.0113292 -96
-0.0113688 -96.3333
-0.0114083 -96.6667
-0.0114479 -97
-0.0114875 -97.3333
-0.011527 -97.6667
-0.0115666 -98
-0.0116061 -98.3333
-0.0116457 -98.6667
-0.0116853 -99
-0.0117249 -99.3333
-0.0117644 -99.6667
-0.011804 -100
-0.0118436 -100.333
-0.0118831 -100.667
-0.0119227 -101
-0.0119623 -101.333
-0.0120019 -101.667
-0.0120415 -102
-0.0120811 -102.333
-0.0121206 -102.667
-0.0121602 -103
-0.0121998 -103.333
-0.0122394 -103.667
-0.012279 -104
-0.0123186 -104.333
-0.0123582 -104.667
-0.0123978 -105
-0.0124374 -105.333
-0.012477 -105.667
-0.0125166 -106
-0.0125562 -106.333
-0.0125958 -106.667
-0.0126354 -107
-0.012675 -107.333
-0.0127146 -107.667
-0.0127542 -108
-0.0127938 -108.333
-0.0128334 -108.667
-0.012873 -109
-0.0129127 -109.333
-0.0129523 -109.667
-0.0129919 -110
-0.0130315 -110.333
-0.0130711 -110.667
-0.0131108 -111
-0.0131504 -111.333
-0.01319 -111.667
-0.0132296 -112
-0.0132693 -112.333
-0.0133089 -112.667
-0.0133485 -113
-0.0133882 -113.333
-0.0134278 -113.667
-0.0134674 -114
-0.0135071 -114.333
-0.0135467 -114.667
-0.0135864 -115
-0.013626 -115.333
-0.0136656 -115.667
-0.0137053 -116
-0.0137449 -116.333
-0.0137846 -116.667
-0.0138242 -117
-0.0138639 -117.333
-0.0139036 -117.667
-0.0139432 -118
-0.0139829 -118.333
-0.0140225 -118.667
-0.0140622 -119
-0.0141018 -119.333
-0.0141415 -119.667
-0.0141812 -120
-0.0142208 -120.333
-0.0142605 -120.667
-0.0143002 -121
-0.0143398 -121.333
-0.0143795 -121.667
-0.0144192 -122
-0.0144589 -122.333
-0.0144985 -122.667
-0.0145382 -123
-0.0145779 -123.333
-0.0146176 -123.667
-0.0146573 -124
-0.014697 -124.333
-0.0147366 -124.667
-0.0147763 -125
-0.014816 -125.333
-0.0148557 -125.667
-0.0148954 -126
-0.0149351 -126.333
-0.0149748 -126.667
-0.0150145 -127
-0.0150542 -127.333
-0.0150939 -127.667
-0.0151336 -128
-0.0151733 -128.333
-0.015213 -128.667
-0.0152527 -129
-0.0152924 -129.333
-0.0153321 -129.667
-0.0153718 -130
-0.0154115 -130.333
-0.0154513 -130.667
-0.015491 -131
-0.0155307 -131.333
-0.0155704 -131.667
-0.0156101 -132
-0.0156498 -132.333
-0.0156896 -132.667
-0.0157293 -133
-0.015769 -133.333
-0.0158088 -133.667
-0.0158485 -134
-0.0158882 -134.333
-0.0159279 -134.667
-0.0159677 -135
-0.0160074 -135.333
-0.0160471 -135.667
-0.0160869 -136
-0.0161266 -136.333
-0.0161664 -136.667
-0.0162061 -137
-0.0162459 -137.333
-0.0162856 -137.667
-0.0163254 -138
-0.0163651 -138.333
-0.0164049 -138.667
-0.0164446 -139
-0.0164844 -139.333
-0.0165241 -139.667
-0.0165639 -140
-0.0166036 -140.333
-0.0166434 -140.667
-0.0166832 -141
-0.0167229 -141.333
-0.0167627 -141.667
-0.0168024 -142
-0.0168422 -142.333
-0.016882 -142.667
-0.0169218 -143
-0.0169615 -143.333
-0.0170013 -143.667
-0.0170411 -144
-0.0170809 -144.333
-0.0171206 -144.667
-0.0171604 -145
-0.0172002 -145.333
-0.01724 -145.667
-0.0172798 -146
-0.0173196 -146.333
-0.0173593 -146.667
-0.0173991 -147
-0.0174389 -147.333
-0.0174787 -147.667
-0.0175185 -148
-0.0175583 -148.333
-0.0175981 -148.667
-0.0176379 -149
-0.0176777 -149.333
-0.0177175 -149.667
-0.0177573 -150
-0.0177971 -150.333
-0.0178369 -150.667
-0.0178767 -151
-0.0179165 -151.333
-0.0179563 -151.667
-0.0179962 -152
-0.018036 -152.333
-0.0180758 -152.667
-0.0181156 -153
-0.0181554 -153.333
-0.0181952 -153.667
-0.0182351 -154
-0.0182749 -154.333
-0.0183147 -154.667
-0.0183545 -155
-0.0183944 -155.333
-0.0184342 -155.667
-0.018474 -156
-0.0185139 -156.333
-0.0185537 -156.667
-0.0185935 -157
-0.0186334 -157.333
-0.0186732 -157.667
-0.0187131 -158
-0.0187529 -158.333
-0.0187927 -158.667
-0.0188326 -159
-0.0188724 -159.333
-0.0189123 -159.667
-0.0189521 -160
-0.018992 -160.333
-0.0190318 -160.667
-0.0190717 -161
-0.0191115 -161.333
-0.0191514 -161.667
-0.0191913 -162
-0.0192311 -162.333
-0.019271 -162.667
-0.0193108 -163
-0.0193507 -163.333
-0.0193906 -163.667
-0.0194304 -164
-0.0194703 -164.333
-0.0195102 -164.667
-0.0195501 -165
-0.0195899 -165.333
-0.0196298 -165.667
-0.0196697 -166
-0.0197096 -166.333
-0.0197495 -166.667
-0.0197893 -167
-0.0198292 -167.333
-0.0198691 -167.667
-0.019909 -168
-0.0199489 -168.333
-0.0199888 -168.667
-0.0200287 -169
-0.0200686 -169.333
-0.0201085 -169.667
-0.0201484 -170
-0.0201882 -170.333
-0.0202281 -170.667
-0.020268 -171
-0.020308 -171.333
-0.0203479 -171.667
-0.0203878 -172
-0.0204277 -172.333
-0.0204676 -172.667
-0.0205075 -173
-0.0205474 -173.333
-0.0205873 -173.667
-0.0206272 -174
-0.0206671 -174.333
-0.0207071 -174.667
-0.020747 -175
-0.0207869 -175.333
-0.0208268 -175.667
-0.0208668 -176
-0.0209067 -176.333
-0.0209466 -176.667
-0.0209865 -177
-0.0210265 -177.333
-0.0210664 -177.667
-0.0211063 -178
-0.0211463 -178.333
-0.0211862 -178.667
-0.0212261 -179
-0.0212661 -179.333
-0.021306 -179.667
-0.021346 -180
-0.0213859 -180.333
-0.0214259 -180.667
-0.0214658 -181
-0.0215058 -181.333
-0.0215457 -181.667
-0.0215857 -182
-0.0216256 -182.333
-0.0216656 -182.667
-0.0217055 -183
-0.0217455 -183.333
-0.0217855 -183.667
-0.0218254 -184
-0.0218654 -184.333
-0.0219053 -184.667
-0.0219453 -185
-0.0219853 -185.333
-0.0220252 -185.667
-0.0220652 -186
-0.0221052 -186.333
-0.0221452 -186.667
-0.0221851 -187
-0.0222251 -187.333
-0.0222651 -187.667
-0.0223051 -188
-0.0223451 -188.333
-0.022385 -188.667
-0.022425 -189
-0.022465 -189.333
-0.022505 -189.667
-0.022545 -190
-0.022585 -190.333
-0.022625 -190.667
-0.022665 -191
-0.022705 -191.333
-0.022745 -191.667
-0.022785 -192
-0.022825 -192.333
-0.022865 -192.667
-0.022905 -193
-0.022945 -193.333
-0.022985 -193.667
-0.023025 -194
-0.023065 -194.333
-0.023105 -194.667
-0.023145 -195
-0.0231851 -195.333
-0.0232251 -195.667
-0.0232651 -196
-0.0233051 -196.333
-0.0233451 -196.667
-0.0233852 -197
-0.0234252 -197.333
-0.0234652 -197.667
-0.0235052 -198
-0.0235453 -198.333
-0.0235853 -198.667
-0.0236253 -199
-0.0236654 -199.333
-0.0237054 -199.667
-0.0237454 -200
-0.0237855 -200.333
-0.0238255 -200.667
-0.0238656 -201
-0.0239056 -201.333
-0.0239456 -201.667
-0.0239857 -202
-0.0240257 -202.333
-0.0240658 -202.667
-0.0241058 -203
-0.0241459 -203.333
-0.0241859 -203.667
-0.024226 -204
-0.0242661 -204.333
-0.0243061 -204.667
-0.0243462 -205
-0.0243862 -205.333
-0.0244263 -205.667
-0.0244664 -206
-0.0245064 -206.333
-0.0245465 -206.667
-0.0245866 -207
-0.0246266 -207.333
-0.0246667 -207.667
-0.0247068 -208
-0.0247469 -208.333
-0.0247869 -208.667
-0.024827 -209
-0.0248671 -209.333
-0.0249072 -209.667
-0.0249473 -210
-0.0249874 -210.333
-0.0250275 -210.667
-0.0250675 -211
-0.0251076 -211.333
-0.0251477 -211.667
-0.0251878 -212
-0.0252279 -212.333
-0.025268 -212.667
-0.0253081 -213
-0.0253482 -213.333
-0.0253883 -213.667
-0.0254284 -214
-0.0254685 -214.333
-0.0255086 -214.667
-0.0255487 -215
-0.0255888 -215.333
-0.025629 -215.667
-0.0256691 -216
-0.0257092 -216.333
-0.0257493 -216.667
-0.0257894 -217
-0.0258295 -217.333
-0.0258697 -217.667
-0.0259098 -218
-0.0259499 -218.333
-0.02599 -218.667
-0.0260301 -219
-0.0260703 -219.333
-0.0261104 -219.667
-0.0261505 -220
-0.0261907 -220.333
-0.0262308 -220.667
-0.0262709 -221
-0.0263111 -221.333
-0.0263512 -221.667
-0.0263914 -222
-0.0264315 -222.333
-0.0264716 -222.667
-0.0265118 -223
-0.0265519 -223.333
-0.0265921 -223.667
-0.0266322 -224
-0.0266724 -224.333
-0.0267125 -224.667
-0.0267527 -225
-0.0267929 -225.333
-0.026833 -225.667
-0.0268732 -226
-0.0269133 -226.333
-0.0269535 -226.667
-0.0269937 -227
-0.0270338 -227.333
-0.027074 -227.667
-0.0271142 -228
-0.0271543 -228.333
-0.0271945 -228.667
-0.0272347 -229
-0.0272749 -229.333
-0.027315 -229.667
-0.0273552 -230
-0.0273954 -230.333
-0.0274356 -230.667
-0.0274758 -231
-0.0275159 -231.333
-0.0275561 -231.667
-0.0275963 -232
-0.0276365 -232.333
-0.0276767 -232.667
-0.0277169 -233
-0.0277571 -233.333
-0.0277973 -233.667
-0.0278375 -234
-0.0278777 -234.333
-0.0279179 -234.667
-0.0279581 -235
-0.0279983 -235.333
-0.0280385 -235.667
-0.0280787 -236
-0.0281189 -236.333
-0.0281591 -236.667
-0.0281993 -237
-0.0282396 -237.333
-0.0282798 -237.667
-0.02832 -238
-0.0283602 -238.333
-0.0284004 -238.667
-0.0284406 -239
-0.0284809 -239.333
-0.0285211 -239.667
-0.0285613 -240
-0.0286015 -240.333
-0.0286418 -240.667
-0.028682 -241
-0.0287222 -241.333
-0.0287625 -241.667
-0.0288027 -242
-0.028843 -242.333
-0.0288832 -242.667
-0.0289234 -243
-0.0289637 -243.333
-0.0290039 -243.667
-0.0290442 -244
-0.0290844 -244.333
-0.0291247 -244.667
-0.0291649 -245
-0.0292052 -245.333
-0.0292454 -245.667
-0.0292857 -246
-0.0293259 -246.333
-0.0293662 -246.667
-0.0294064 -247
-0.0294467 -247.333
-0.029487 -247.667
-0.0295272 -248
-0.0295675 -248.333
-0.0296078 -248.667
-0.029648 -249
-0.0296883 -249.333
-0.0297286 -249.667
-0.0297689 -250
-0.0298091 -250.333
-0.0298494 -250.667
-0.0298897 -251
-0.02993 -251.333
-0.0299702 -251.667
-0.0300105 -252
-0.0300508 -252.333
-0.0300911 -252.667
-0.0301314 -253
-0.0301717 -253.333
-0.030212 -253.667
-0.0302523 -254
-0.0302926 -254.333
-0.0303329 -254.667
-0.0303732 -255
-0.0304135 -255.333
-0.0304538 -255.667
-0.0304941 -256
-0.0305344 -256.333
-0.0305747 -256.667
-0.030615 -257
-0.0306553 -257.333
-0.0306956 -257.667
-0.0307359 -258
-0.0307762 -258.333
-0.0308165 -258.667
-0.0308569 -259
-0.0308972 -259.333
-0.0309375 -259.667
-0.0309778 -260
-0.0310181 -260.333
-0.0310585 -260.667
-0.0310988 -261
-0.0311391 -261.333
-0.0311794 -261.667
-0.0312198 -262
-0.0312601 -262.333
-0.0313004 -262.667
-0.0313408 -263
-0.0313811 -263.333
-0.0314215 -263.667
-0.0314618 -264
-0.0315021 -264.333
-0.0315425 -264.667
-0.0315828 -265
-0.0316232 -265.333
-0.0316635 -265.667
-0.0317039 -266
-0.0317442 -266.333
-0.0317846 -266.667
-0.0318249 -267
-0.0318653 -267.333
-0.0319057 -267.667
-0.031946 -268
-0.0319864 -268.333
-0.0320267 -268.667
-0.0320671 -269
-0.0321075 -269.333
-0.0321478 -269.667
-0.0321882 -270
-0.0322286 -270.333
-0.032269 -270.667
-0.0323093 -271
-0.0323497 -271.333
-0.0323901 -271.667
-0.0324305 -272
-0.0324708 -272.333
-0.0325112 -272.667
-0.0325516 -273
-0.032592 -273.333
-0.0326324 -273.667
-0.0326728 -274
-0.0327132 -274.333
-0.0327536 -274.667
-0.0327939 -275
-0.0328343 -275.333
-0.0328747 -275.667
-0.0329151 -276
-0.0329555 -276.333
-0.0329959 -276.667
-0.0330363 -277
-0.0330767 -277.333
-0.0331172 -277.667
-0.0331576 -278
-0.033198 -278.333
-0.0332384 -278.667
-0.0332788 -279
-0.0333192 -279.333
-0.0333596 -279.667
-0.0334 -280
-0.0334405 -280.333
-0.0334809 -280.667
-0.0335213 -281
-0.0335617 -281.333
-0.0336022 -281.667
-0.0336426 -282
-0.033683 -282.333
-0.0337234 -282.667
-0.0337639 -283
-0.0338043 -283.333
-0.0338447 -283.667
-0.0338852 -284
-0.0339256 -284.333
-0.0339661 -284.667
-0.0340065 -285
-0.0340469 -285.333
-0.0340874 -285.667
-0.0341278 -286
-0.0341683 -286.333
-0.0342087 -286.667
-0.0342492 -287
-0.0342896 -287.333
-0.0343301 -287.667
-0.0343706 -288
-0.034411 -288.333
-0.0344515 -288.667
-0.0344919 -289
-0.0345324 -289.333
-0.0345729 -289.667
-0.0346133 -290
-0.0346538 -290.333
-0.0346943 -290.667
-0.0347347 -291
-0.0347752 -291.333
-0.0348157 -291.667
-0.0348562 -292
-0.0348966 -292.333
-0.0349371 -292.667
-0.0349776 -293
-0.0350181 -293.333
-0.0350586 -293.667
-0.035099 -294
-0.0351395 -294.333
-0.03518 -294.667
-0.0352205 -295
-0.035261 -295.333
-0.0353015 -295.667
-0.035342 -296
-0.0353825 -296.333
-0.035423 -296.667
-0.0354635 -297
-0.035504 -297.333
-0.0355445 -297.667
-0.035585 -298
-0.0356255 -298.333
-0.035666 -298.667
-0.0357065 -299
-0.035747 -299.333
-0.0357875 -299.667
-0.035828 -300
-0.0358686 -300.333
-0.0359091 -300.667
-0.0359496 -301
-0.0359901 -301.333
-0.0360306 -301.667
-0.0360712 -302
-0.0361117 -302.333
-0.0361522 -302.667
-0.0361927 -303
-0.0362333 -303.333
-0.0362738 -303.667
-0.0363143 -304
-0.0363549 -304.333
-0.0363954 -304.667
-0.036436 -305
-0.0364765 -305.333
-0.036517 -305.667
-0.0365576 -306
-0.0365981 -306.333
-0.0366387 -306.667
-0.0366792 -307
-0.0367198 -307.333
-0.0367603 -307.667
-0.0368009 -308
-0.0368414 -308.333
-0.036882 -308.667
-0.0369225 -309
-0.0369631 -309.333
-0.0370037 -309.667
-0.0370442 -310
-0.0370848 -310.333
-0.0371254 -310.667
-0.0371659 -311
-0.0372065 -311.333
-0.0372471 -311.667
-0.0372876 -312
-0.0373282 -312.333
-0.0373688 -312.667
-0.0374094 -313
-0.0374499 -313.333
-0.0374905 -313.667
-0.0375311 -314
-0.0375717 -314.333
-0.0376123 -314.667
-0.0376529 -315
-0.0376934 -315.333
-0.037734 -315.667
-0.0377746 -316
-0.0378152 -316.333
-0.0378558 -316.667
-0.0378964 -317
-0.037937 -317.333
-0.0379776 -317.667
-0.0380182 -318
-0.0380588 -318.333
-0.0380994 -318.667
-0.03814 -319
-0.0381806 -319.333
-0.0382212 -319.667
-0.0382619 -320
-0.0383025 -320.333
-0.0383431 -320.667
-0.0383837 -321
-0.0384243 -321.333
-0.0384649 -321.667
-0.0385056 -322
-0.0385462 -322.333
-0.0385868 -322.667
-0.0386274 -323
-0.0386681 -323.333
-0.0387087 -323.667
-0.0387493 -324
-0.0387899 -324.333
-0.0388306 -324.667
-0.0388712 -325
-0.0389119 -325.333
-0.0389525 -325.667
-0.0389931 -326
-0.0390338 -326.333
-0.0390744 -326.667
-0.0391151 -327
-0.0391557 -327.333
-0.0391964 -327.667
-0.039237 -328
-0.0392777 -328.333
-0.0393183 -328.667
-0.039359 -329
-0.0393996 -329.333
-0.0394403 -329.667
-0.0394809 -330
-0.0395216 -330.333
-0.0395623 -330.667
-0.0396029 -331
-0.0396436 -331.333
-0.0396843 -331.667
-0.0397249 -332
-0.0397656 -332.333
-0.0398063 -332.667
-0.039847 -333
-0.0398876 -333.333
-0.0399283 -333.667
-0.039969 -334
-0.0400097 -334.333
-0.0400504 -334.667
-0.040091 -335
-0.0401317 -335.333
-0.0401724 -335.667
-0.0402131 -336
-0.0402538 -336.333
-0.0402945 -336.667
-0.0403352 -337
-0.0403759 -337.333
-0.0404166 -337.667
-0.0404573 -338
-0.040498 -338.333
-0.0405387 -338.667
-0.0405794 -339
-0.0406201 -339.333
-0.0406608 -339.667
-0.0407015 -340
-0.0407422 -340.333
-0.0407829 -340.667
-0.0408236 -341
-0.0408643 -341.333
-0.0409051 -341.667
-0.0409458 -342
-0.0409865 -342.333
-0.0410272 -342.667
-0.0410679 -343
-0.0411087 -343.333
-0.0411494 -343.667
-0.0411901 -344
-0.0412309 -344.333
-0.0412716 -344.667
-0.0413123 -345
-0.0413531 -345.333
-0.0413938 -345.667
-0.0414345 -346
-0.0414753 -346.333
-0.041516 -346.667
-0.0415568 -347
-0.0415975 -347.333
-0.0416382 -347.667
-0.041679 -348
-0.0417197 -348.333
-0.0417605 -348.667
-0.0418012 -349
-0.041842 -349.333
-0.0418828 -349.667
-0.0419235 -350
-0.0419643 -350.333
-0.042005 -350.667
-0.0420458 -351
-0.0420866 -351.333
-0.0421273 -351.667
-0.0421681 -352
-0.0422089 -352.333
-0.0422496 -352.667
-0.0422904 -353
-0.0423312 -353.333
-0.042372 -353.667
-0.0424127 -354
-0.0424535 -354.333
-0.0424943 -354.667
-0.0425351 -355
-0.0425759 -355.333
-0.0426166 -355.667
-0.0426574 -356
-0.0426982 -356.333
-0.042739 -356.667
-0.0427798 -357
-0.0428206 -357.333
-0.0428614 -357.667
-0.0429022 -358
-0.042943 -358.333
-0.0429838 -358.667
-0.0430246 -359
-0.0430654 -359.333
-0.0431062 -359.667
-0.043147 -360
-0.0431878 -360.333
-0.0432286 -360.667
-0.0432694 -361
-0.0433102 -361.333
-0.0433511 -361.667
-0.0433919 -362
-0.0434327 -362.333
-0.0434735 -362.667
-0.0435143 -363
-0.0435552 -363.333
-0.043596 -363.667
-0.0436368 -364
-0.0436776 -364.333
-0.0437185 -364.667
-0.0437593 -365
-0.0438001 -365.333
-0.043841 -365.667
-0.0438818 -366
-0.0439226 -366.333
-0.0439635 -366.667
-0.0440043 -367
-0.0440452 -367.333
-0.044086 -367.667
-0.0441269 -368
-0.0441677 -368.333
-0.0442086 -368.667
-0.0442494 -369
-0.0442903 -369.333
-0.0443311 -369.667
-0.044372 -370
-0.0444128 -370.333
-0.0444537 -370.667
-0.0444945 -371
-0.0445354 -371.333
-0.0445763 -371.667
-0.0446171 -372
-0.044658 -372.333
-0.0446989 -372.667
-0.0447397 -373
-0.0447806 -373.333
-0.0448215 -373.667
-0.0448624 -374
-0.0449032 -374.333
-0.0449441 -374.667
-0.044985 -375
-0.0450259 -375.333
-0.0450668 -375.667
-0.0451077 -376
-0.0451485 -376.333
-0.0451894 -376.667
-0.0452303 -377
-0.0452712 -377.333
-0.0453121 -377.667
-0.045353 -378
-0.0453939 -378.333
-0.0454348 -378.667
-0.0454757 -379
-0.0455166 -379.333
-0.0455575 -379.667
-0.0455984 -380
-0.0456393 -380.333
-0.0456802 -380.667
-0.0457211 -381
-0.0457621 -381.333
-0.045803 -381.667
-0.0458439 -382
-0.0458848 -382.333
-0.0459257 -382.667
-0.0459666 -383
-0.0460076 -383.333
-0.0460485 -383.667
-0.0460894 -384
-0.0461303 -384.333
-0.0461713 -384.667
-0.0462122 -385
-0.0462531 -385.333
-0.0462941 -385.667
-0.046335 -386
-0.0463759 -386.333
-0.0464169 -386.667
-0.0464578 -387
-0.0464987 -387.333
-0.0465397 -387.667
-0.0465806 -388
-0.0466216 -388.333
-0.0466625 -388.667
-0.0467035 -389
-0.0467444 -389.333
-0.0467854 -389.667
-0.0468263 -390
-0.0468673 -390.333
-0.0469083 -390.667
-0.0469492 -391
-0.0469902 -391.333
-0.0470311 -391.667
-0.0470721 -392
-0.0471131 -392.333
-0.047154 -392.667
-0.047195 -393
-0.047236 -393.333
-0.047277 -393.667
-0.0473179 -394
-0.0473589 -394.333
-0.0473999 -394.667
-0.0474409 -395
-0.0474818 -395.333
-0.0475228 -395.667
-0.0475638 -396
-0.0476048 -396.333
-0.0476458 -396.667
-0.0476868 -397
-0.0477278 -397.333
-0.0477688 -397.667
-0.0478098 -398
-0.0478508 -398.333
-0.0478917 -398.667
-0.0479327 -399
-0.0479737 -399.333
-0.0480148 -399.667
-0.0480558 -400
-0.0480968 -400.333
-0.0481378 -400.667
-0.0481788 -401
-0.0482198 -401.333
-0.0482608 -401.667
-0.0483018 -402
-0.0483428 -402.333
-0.0483839 -402.667
-0.0484249 -403
-0.0484659 -403.333
-0.0485069 -403.667
-0.0485479 -404
-0.048589 -404.333
-0.04863 -404.667
-0.048671 -405
-0.0487121 -405.333
-0.0487531 -405.667
-0.0487941 -406
-0.0488352 -406.333
-0.0488762 -406.667
-0.0489172 -407
-0.0489583 -407.333
-0.0489993 -407.667
-0.0490404 -408
-0.0490814 -408.333
-0.0491225 -408.667
-0.0491635 -409
-0.0492046 -409.333
-0.0492456 -409.667
-0.0492867 -410
-0.0493277 -410.333
-0.0493688 -410.667
-0.0494098 -411
-0.0494509 -411.333
-0.049492 -411.667
-0.049533 -412
-0.0495741 -412.333
-0.0496152 -412.667
-0.0496562 -413
-0.0496973 -413.333
-0.0497384 -413.667
-0.0497794 -414
-0.0498205 -414.333
-0.0498616 -414.667
-0.0499027 -415
-0.0499438 -415.333
-0.0499848 -415.667
-0.0500259 -416
-0.050067 -416.333
-0.0501081 -416.667
-0.0501492 -417
-0.0501903 -417.333
-0.0502314 -417.667
-0.0502725 -418
-0.0503136 -418.333
-0.0503547 -418.667
-0.0503958 -419
-0.0504369 -419.333
-0.050478 -419.667
-0.0505191 -420
-0.0505602 -420.333
-0.0506013 -420.667
-0.0506424 -421
-0.0506835 -421.333
-0.0507246 -421.667
-0.0507657 -422
-0.0508068 -422.333
-0.050848 -422.667
-0.0508891 -423
-0.0509302 -423.333
-0.0509713 -423.667
-0.0510124 -424
-0.0510536 -424.333
-0.0510947 -424.667
-0.0511358 -425
-0.051177 -425.333
-0.0512181 -425.667
-0.0512592 -426
-0.0513004 -426.333
-0.0513415 -426.667
-0.0513826 -427
-0.0514238 -427.333
-0.0514649 -427.667
-0.0515061 -428
-0.0515472 -428.333
-0.0515884 -428.667
-0.0516295 -429
-0.0516707 -429.333
-0.0517118 -429.667
-0.051753 -430
-0.0517941 -430.333
-0.0518353 -430.667
-0.0518764 -431
-0.0519176 -431.333
-0.0519588 -431.667
-0.0519999 -432
-0.0520411 -432.333
-0.0520823 -432.667
-0.0521234 -433
-0.0521646 -433.333
-0.0522058 -433.667
-0.0522469 -434
-0.0522881 -434.333
-0.0523293 -434.667
-0.0523705 -435
-0.0524117 -435.333
-0.0524528 -435.667
-0.052494 -436
-0.0525352 -436.333
-0.0525764 -436.667
-0.0526176 -437
-0.0526588 -437.333
-0.0527 -437.667
-0.0527412 -438
-0.0527824 -438.333
-0.0528236 -438.667
-0.0528648 -439
-0.052906 -439.333
-0.0529472 -439.667
-0.0529884 -440
-0.0530296 -440.333
-0.0530708 -440.667
-0.053112 -441
-0.0531532 -441.333
-0.0531944 -441.667
-0.0532356 -442
-0.0532769 -442.333
-0.0533181 -442.667
-0.0533593 -443
-0.0534005 -443.333
-0.0534417 -443.667
-0.053483 -444
-0.0535242 -444.333
-0.0535654 -444.667
-0.0536066 -445
-0.0536479 -445.333
-0.0536891 -445.667
-0.0537303 -446
-0.0537716 -446.333
-0.0538128 -446.667
-0.0538541 -447
-0.0538953 -447.333
-0.0539365 -447.667
-0.0539778 -448
-0.054019 -448.333
-0.0540603 -448.667
-0.0541015 -449
-0.0541428 -449.333
-0.054184 -449.667
-0.0542253 -450
-0.0542665 -450.333
-0.0543078 -450.667
-0.0543491 -451
-0.0543903 -451.333
-0.0544316 -451.667
-0.0544729 -452
-0.0545141 -452.333
-0.0545554 -452.667
-0.0545967 -453
-0.0546379 -453.333
-0.0546792 -453.667
-0.0547205 -454
-0.0547618 -454.333
-0.054803 -454.667
-0.0548443 -455
-0.0548856 -455.333
-0.0549269 -455.667
-0.0549682 -456
-0.0550094 -456.333
-0.0550507 -456.667
-0.055092 -457
-0.0551333 -457.333
-0.0551746 -457.667
-0.0552159 -458
-0.0552572 -458.333
-0.0552985 -458.667
-0.0553398 -459
-0.0553811 -459.333
-0.0554224 -459.667
-0.0554637 -460
-0.055505 -460.333
-0.0555463 -460.667
-0.0555876 -461
-0.055629 -461.333
-0.0556703 -461.667
-0.0557116 -462
-0.0557529 -462.333
-0.0557942 -462.667
-0.0558355 -463
-0.0558769 -463.333
-0.0559182 -463.667
-0.0559595 -464
-0.0560008 -464.333
-0.0560422 -464.667
-0.0560835 -465
-0.0561248 -465.333
-0.0561662 -465.667
-0.0562075 -466
-0.0562488 -466.333
-0.0562902 -466.667
-0.0563315 -467
-0.0563729 -467.333
-0.0564142 -467.667
-0.0564555 -468
-0.0564969 -468.333
-0.0565382 -468.667
-0.0565796 -469
-0.0566209 -469.333
-0.0566623 -469.667
-0.0567037 -470
-0.056745 -470.333
-0.0567864 -470.667
-0.0568277 -471
-0.0568691 -471.333
-0.0569105 -471.667
-0.0569518 -472
-0.0569932 -472.333
-0.0570346 -472.667
-0.0570759 -473
-0.0571173 -473.333
-0.0571587 -473.667
-0.0572001 -474
-0.0572414 -474.333
-0.0572828 -474.667
-0.0573242 -475
-0.0573656 -475.333
-0.057407 -475.667
-0.0574484 -476
-0.0574897 -476.333
-0.0575311 -476.667
-0.0575725 -477
-0.0576139 -477.333
-0.0576553 -477.667
-0.0576967 -478
-0.0577381 -478.333
-0.0577795 -478.667
-0.0578209 -479
-0.0578623 -479.333
-0.0579037 -479.667
-0.0579451 -480
-0.0579865 -480.333
-0.0580279 -480.667
-0.0580694 -481
-0.0581108 -481.333
-0.0581522 -481.667
-0.0581936 -482
-0.058235 -482.333
-0.0582764 -482.667
-0.0583179 -483
-0.0583593 -483.333
-0.0584007 -483.667
-0.0584421 -484
-0.0584836 -484.333
-0.058525 -484.667
-0.0585664 -485
-0.0586079 -485.333
-0.0586493 -485.667
-0.0586907 -486
-0.0587322 -486.333
-0.0587736 -486.667
-0.0588151 -487
-0.0588565 -487.333
-0.0588979 -487.667
-0.0589394 -488
-0.0589808 -488.333
-0.0590223 -488.667
-0.0590637 -489
-0.0591052 -489.333
-0.0591467 -489.667
-0.0591881 -490
-0.0592296 -490.333
-0.059271 -490.667
-0.0593125 -491
-0.059354 -491.333
-0.0593954 -491.667
-0.0594369 -492
-0.0594784 -492.333
-0.0595198 -492.667
-0.0595613 -493
-0.0596028 -493.333
-0.0596443 -493.667
-0.0596857 -494
-0.0597272 -494.333
-0.0597687 -494.667
-0.0598102 -495
-0.0598517 -495.333
-0.0598932 -495.667
-0.0599346 -496
-0.0599761 -496.333
-0.0600176 -496.667
-0.0600591 -497
-0.0601006 -497.333
-0.0601421 -497.667
-0.0601836 -498
-0.0602251 -498.333
-0.0602666 -498.667
-0.0603081 -499
-0.0603496 -499.333
-0.0603911 -499.667
-0.0604326 -500
