0 -0
-0.000108913 -0.1
-0.000217829 -0.2
-0.000326748 -0.3
-0.000435669 -0.4
-0.000544594 -0.5
-0.000653521 -0.6
-0.000762452 -0.7
-0.000871385 -0.8
-0.000980321 -0.9
-0.00108926 -1
-0.0011982 -1.1
-0.00130715 -1.2
-0.00141609 -1.3
-0.00152504 -1.4
-0.001634 -1.5
-0.00174295 -1.6
-0.00185191 -1.7
-0.00196087 -1.8
-0.00206984 -1.9
-0.0021788 -2
-0.00228777 -2.1
-0.00239675 -2.2
-0.00250572 -2.3
-0.0026147 -2.4
-0.00272368 -2.5
-0.00283267 -2.6
-0.00294166 -2.7
-0.00305065 -2.8
-0.00315964 -2.9
-0.00326863 -3
-0.00337763 -3.1
-0.00348664 -3.2
-0.00359564 -3.3
-0.00370465 -3.4
-0.00381366 -3.5
-0.00392267 -3.6
-0.00403169 -3.7
-0.0041407 -3.8
-0.00424973 -3.9
-0.00435875 -4
-0.00446778 -4.1
-0.00457681 -4.2
-0.00468584 -4.3
-0.00479488 -4.4
-0.00490392 -4.5
-0.00501296 -4.6
-0.005122 -4.7
-0.00523105 -4.8
-0.0053401 -4.9
-0.00544915 -5
-0.00555821 -5.1
-0.00566727 -5.2
-0.00577633 -5.3
-0.00588539 -5.4
-0.00599446 -5.5
-0.00610353 -5.6
-0.0062126 -5.7
-0.00632168 -5.8
-0.00643076 -5.9
-0.00653984 -6
-0.00664892 -6.1
-0.00675801 -6.2
-0.0068671 -6.3
-0.00697619 -6.4
-0.00708529 -6.5
-0.00719439 -6.6
-0.00730349 -6.7
-0.0074126 -6.8
-0.0075217 -6.9
-0.00763081 -7
-0.00773993 -7.1
-0.00784904 -7.2
-0.00795816 -7.3
-0.00806728 -7.4
-0.00817641 -7.5
-0.00828553 -7.6
-0.00839466 -7.7
-0.0085038 -7.8
-0.00861293 -7.9
-0.00872207 -8
-0.00883121 -8.1
-0.00894036 -8.2
-0.0090495 -8.3
-0.00915865 -8.4
-0.00926781 -8.5
-0.00937696 -8.6
-0.00948612 -8.7
-0.00959528 -8.8
-0.00970445 -8.9
-0.00981362 -9
-0.00992279 -9.1
-0.010032 -9.2
-0.0101411 -9.3
-0.0102503 -9.4
-0.0103595 -9.5
-0.0104687 -9.6
-0.0105779 -9.7
-0.0106871 -9.8
-0.0107962 -9.9
-0.0109054 -10
-0.0110146 -10.1
-0.0111238 -10.2
-0.011233 -10.3
-0.0113423 -10.4
-0.0114515 -10.5
-0.0115607 -10.6
-0.0116699 -10.7
-0.0117791 -10.8
-0.0118883 -10.9
-0.0119976 -11
-0.0121068 -11.1
-0.012216 -11.2
-0.0123253 -11.3
-0.0124345 -11.4
-0.0125437 -11.5
-0.012653 -11.6
-0.0127622 -11.7
-0.0128715 -11.8
-0.0129807 -11.9
-0.01309 -12
-0.0131992 -12.1
-0.0133085 -12.2
-0.0134177 -12.3
-0.013527 -12.4
-0.0136363 -12.5
-0.0137455 -12.6
-0.0138548 -12.7
-0.0139641 -12.8
-0.0140734 -12.9
-0.0141826 -13
-0.0142919 -13.1
-0.0144012 -13.2
-0.0145105 -13.3
-0.0146198 -13.4
-0.0147291 -13.5
-0.0148384 -13.6
-0.0149477 -13.7
-0.015057 -13.8
-0.0151663 -13.9
-0.0152756 -14
-0.0153849 -14.1
-0.0154942 -14.2
-0.0156036 -14.3
-0.0157129 -14.4
-0.0158222 -14.5
-0.0159315 -14.6
-0.0160409 -14.7
-0.0161502 -14.8
-0.0162595 -14.9
-0.0163689 -15
-0.0164782 -15.1
-0.0165876 -15.2
-0.0166969 -15.3
-0.0168063 -15.4
-0.0169156 -15.5
-0.017025 -15.6
-0.0171343 -15.7
-0.0172437 -15.8
-0.0173531 -15.9
-0.0174624 -16
-0.0175718 -16.1
-0.0176812 -16.2
-0.0177905 -16.3
-0.0178999 -16.4
-0.0180093 -16.5
-0.0181187 -16.6
-0.0182281 -16.7
-0.0183375 -16.8
-0.0184469 -16.9
-0.0185562 -17
-0.0186656 -17.1
-0.018775 -17.2
-0.0188845 -17.3
-0.0189939 -17.4
-0.0191033 -17.5
-0.0192127 -17.6
-0.0193221 -17.7
-0.0194315 -17.8
-0.0195409 -17.9
-0.0196504 -18
-0.0197598 -18.1
-0.0198692 -18.2
-0.0199787 -18.3
-0.0200881 -18.4
-0.0201975 -18.5
-0.020307 -18.6
-0.0204164 -18.7
-0.0205259 -18.8
-0.0206353 -18.9
-0.0207448 -19
-0.0208542 -19.1
-0.0209637 -19.2
-0.0210731 -19.3
-0.0211826 -19.4
-0.0212921 -19.5
-0.0214015 -19.6
-0.021511 -19.7
-0.0216205 -19.8
-0.02173 -19.9
-0.0218394 -20
-0.0219489 -20.1
-0.0220584 -20.2
-0.0221679 -20.3
-0.0222774 -20.4
-0.0223869 -20.5
-0.0224964 -20.6
-0.0226059 -20.7
-0.0227154 -20.8
-0.0228249 -20.9
-0.0229344 -21
-0.0230439 -21.1
-0.0231534 -21.2
-0.023263 -21.3
-0.0233725 -21.4
-0.023482 -21.5
-0.0235915 -21.6
-0.0237011 -21.7
-0.0238106 -21.8
-0.0239201 -21.9
-0.0240297 -22
-0.0241392 -22.1
-0.0242488 -22.2
-0.0243583 -22.3
-0.0244679 -22.4
-0.0245774 -22.5
-0.024687 -22.6
-0.0247965 -22.7
-0.0249061 -22.8
-0.0250156 -22.9
-0.0251252 -23
-0.0252348 -23.1
-0.0253444 -23.2
-0.0254539 -23.3
-0.0255635 -23.4
-0.0256731 -23.5
-0.0257827 -23.6
-0.0258923 -23.7
-0.0260018 -23.8
-0.0261114 -23.9
-0.026221 -24
-0.0263306 -24.1
-0.0264402 -24.2
-0.0265498 -24.3
-0.0266594 -24.4
-0.0267691 -24.5
-0.0268787 -24.6
-0.0269883 -24.7
-0.0270979 -24.8
-0.0272075 -24.9
-0.0273171 -25
-0.0274268 -25.1
-0.0275364 -25.2
-0.027646 -25.3
-0.0277557 -25.4
-0.0278653 -25.5
-0.027975 -25.6
-0.0280846 -25.7
-0.0281942 -25.8
-0.0283039 -25.9
-0.0284135 -26
-0.0285232 -26.1
-0.0286329 -26.2
-0.0287425 -26.3
-0.0288522 -26.4
-0.0289619 -26.5
-0.0290715 -26.6
-0.0291812 -26.7
-0.0292909 -26.8
-0.0294005 -26.9
-0.0295102 -27
-0.0296199 -27.1
-0.0297296 -27.2
-0.0298393 -27.3
-0.029949 -27.4
-0.0300587 -27.5
-0.0301684 -27.6
-0.0302781 -27.7
-0.0303878 -27.8
-0.0304975 -27.9
-0.0306072 -28
-0.0307169 -28.1
-0.0308266 -28.2
-0.0309363 -28.3
-0.0310461 -28.4
-0.0311558 -28.5
-0.0312655 -28.6
-0.0313752 -28.7
-0.031485 -28.8
-0.0315947 -28.9
-0.0317045 -29
-0.0318142 -29.1
-0.0319239 -29.2
-0.0320337 -29.3
-0.0321434 -29.4
-0.0322532 -29.5
-0.0323629 -29.6
-0.0324727 -29.7
-0.0325825 -29.8
-0.0326922 -29.9
-0.032802 -30
-0.0329118 -30.1
-0.0330215 -30.2
-0.0331313 -30.3
-0.0332411 -30.4
-0.0333509 -30.5
-0.0334607 -30.6
-0.0335704 -30.7
-0.0336802 -30.8
-0.03379 -30.9
-0.0338998 -31
-0.0340096 -31.1
-0.0341194 -31.2
-0.0342292 -31.3
-0.034339 -31.4
-0.0344488 -31.5
-0.0345586 -31.6
-0.0346685 -31.7
-0.0347783 -31.8
-0.0348881 -31.9
-0.0349979 -32
-0.0351078 -32.1
-0.0352176 -32.2
-0.0353274 -32.3
-0.0354372 -32.4
-0.0355471 -32.5
-0.0356569 -32.6
-0.0357668 -32.7
-0.0358766 -32.8
-0.0359865 -32.9
-0.0360963 -33
-0.0362062 -33.1
-0.036316 -33.2
-0.0364259 -33.3
-0.0365358 -33.4
-0.0366456 -33.5
-0.0367555 -33.6
-0.0368654 -33.7
-0.0369752 -33.8
-0.0370851 -33.9
-0.037195 -34
-0.0373049 -34.1
-0.0374148 -34.2
-0.0375247 -34.3
-0.0376346 -34.4
-0.0377444 -34.5
-0.0378543 -34.6
-0.0379642 -34.7
-0.0380742 -34.8
-0.0381841 -34.9
-0.038294 -35
-0.0384039 -35.1
-0.0385138 -35.2
-0.0386237 -35.3
-0.0387336 -35.4
-0.0388436 -35.5
-0.0389535 -35.6
-0.0390634 -35.7
-0.0391733 -35.8
-0.0392833 -35.9
-0.0393932 -36
-0.0395032 -36.1
-0.0396131 -36.2
-0.039723 -36.3
-0.039833 -36.4
-0.0399429 -36.5
-0.0400529 -36.6
-0.0401629 -36.7
-0.0402728 -36.8
-0.0403828 -36.9
-0.0404928 -37
-0.0406027 -37.1
-0.0407127 -37.2
-0.0408227 -37.3
-0.0409326 -37.4
-0.0410426 -37.5
-0.0411526 -37.6
-0.0412626 -37.7
-0.0413726 -37.8
-0.0414826 -37.9
-0.0415926 -38
-0.0417026 -38.1
-0.0418126 -38.2
-0.0419226 -38.3
-0.0420326 -38.4
-0.0421426 -38.5
-0.0422526 -38.6
-0.0423626 -38.7
-0.0424726 -38.8
-0.0425827 -38.9
-0.0426927 -39
-0.0428027 -39.1
-0.0429127 -39.2
-0.0430228 -39.3
-0.0431328 -39.4
-0.0432428 -39.5
-0.0433529 -39.6
-0.0434629 -39.7
-0.043573 -39.8
-0.043683 -39.9
-0.0437931 -40
-0.0439031 -40.1
-0.0440132 -40.2
-0.0441232 -40.3
-0.0442333 -40.4
-0.0443434 -40.5
-0.0444534 -40.6
-0.0445635 -40.7
-0.0446736 -40.8
-0.0447837 -40.9
-0.0448938 -41
-0.0450038 -41.1
-0.0451139 -41.2
-0.045224 -41.3
-0.0453341 -41.4
-0.0454442 -41.5
-0.0455543 -41.6
-0.0456644 -41.7
-0.0457745 -41.8
-0.0458846 -41.9
-0.0459947 -42
-0.0461048 -42.1
-0.0462149 -42.2
-0.0463251 -42.3
-0.0464352 -42.4
-0.0465453 -42.5
-0.0466554 -42.6
-0.0467656 -42.7
-0.0468757 -42.8
-0.0469858 -42.9
-0.047096 -43
-0.0472061 -43.1
-0.0473162 -43.2
-0.0474264 -43.3
-0.0475365 -43.4
-0.0476467 -43.5
-0.0477568 -43.6
-0.047867 -43.7
-0.0479772 -43.8
-0.0480873 -43.9
-0.0481975 -44
-0.0483077 -44.1
-0.0484178 -44.2
-0.048528 -44.3
-0.0486382 -44.4
-0.0487484 -44.5
-0.0488586 -44.6
-0.0489687 -44.7
-0.0490789 -44.8
-0.0491891 -44.9
-0.0492993 -45
-0.0494095 -45.1
-0.0495197 -45.2
-0.0496299 -45.3
-0.0497401 -45.4
-0.0498503 -45.5
-0.0499605 -45.6
-0.0500708 -45.7
-0.050181 -45.8
-0.0502912 -45.9
-0.0504014 -46
-0.0505116 -46.1
-0.0506219 -46.2
-0.0507321 -46.3
-0.0508423 -46.4
-0.0509526 -46.5
-0.0510628 -46.6
-0.0511731 -46.7
-0.0512833 -46.8
-0.0513936 -46.9
-0.0515038 -47
-0.0516141 -47.1
-0.0517243 -47.2
-0.0518346 -47.3
-0.0519448 -47.4
-0.0520551 -47.5
-0.0521654 -47.6
-0.0522756 -47.7
-0.0523859 -47.8
-0.0524962 -47.9
-0.0526065 -48
-0.0527168 -48.1
-0.0528271 -48.2
-0.0529373 -48.3
-0.0530476 -48.4
-0.0531579 -48.5
-0.0532682 -48.6
-0.0533785 -48.7
-0.0534888 -48.8
-0.0535991 -48.9
-0.0537094 -49
-0.0538198 -49.1
-0.0539301 -49.2
-0.0540404 -49.3
-0.0541507 -49.4
-0.054261 -49.5
-0.0543714 -49.6
-0.0544817 -49.7
-0.054592 -49.8
-0.0547023 -49.9
-0.0548127 -50
