0 0
-3.10278e-06 0.4
-6.20592e-06 0.8
-9.30941e-06 1.2
-1.24132e-05 1.6
-1.55174e-05 2
-1.8622e-05 2.4
-2.17269e-05 2.8
-2.48321e-05 3.2
-2.79377e-05 3.6
-3.10437e-05 4
-3.415e-05 4.4
-3.72567e-05 4.8
-4.03637e-05 5.2
-4.3471e-05 5.6
-4.65788e-05 6
-4.96869e-05 6.4
-5.27953e-05 6.8
-5.59041e-05 7.2
-5.90132e-05 7.6
-6.21227e-05 8
-6.52325e-05 8.4
-6.83427e-05 8.8
-7.14533e-05 9.2
-7.45642e-05 9.6
-7.76754e-05 10
-8.0787e-05 10.4
-8.3899e-05 10.8
-8.70113e-05 11.2
-9.0124e-05 11.6
-9.3237e-05 12
-9.63504e-05 12.4
-9.94641e-05 12.8
-0.000102578 13.2
-0.000105693 13.6
-0.000108807 14
-0.000111923 14.4
-0.000115038 14.8
-0.000118154 15.2
-0.00012127 15.6
-0.000124387 16
-0.000127503 16.4
-0.000130621 16.8
-0.000133738 17.2
-0.000136856 17.6
-0.000139975 18
-0.000143093 18.4
-0.000146212 18.8
-0.000149332 19.2
-0.000152451 19.6
-0.000155572 20
-0.000158692 20.4
-0.000161813 20.8
-0.000164934 21.2
-0.000168055 21.6
-0.000171177 22
-0.000174299 22.4
-0.000177422 22.8
-0.000180545 23.2
-0.000183668 23.6
-0.000186792 24
-0.000189916 24.4
-0.00019304 24.8
-0.000196165 25.2
-0.00019929 25.6
-0.000202415 26
-0.000205541 26.4
-0.000208667 26.8
-0.000211793 27.2
-0.00021492 27.6
-0.000218047 28
-0.000221175 28.4
-0.000224303 28.8
-0.000227431 29.2
-0.00023056 29.6
-0.000233689 30
-0.000236818 30.4
-0.000239947 30.8
-0.000243077 31.2
-0.000246208 31.6
-0.000249338 32
-0.00025247 32.4
-0.000255601 32.8
-0.000258733 33.2
-0.000261865 33.6
-0.000264997 34
-0.00026813 34.4
-0.000271263 34.8
-0.000274397 35.2
-0.000277531 35.6
-0.000280665 36
-0.000283799 36.4
-0.000286934 36.8
-0.00029007 37.2
-0.000293205 37.6
-0.000296341 38
-0.000299478 38.4
-0.000302614 38.8
-0.000305751 39.2
-0.000308889 39.6
-0.000312027 40
-0.000315165 40.4
-0.000318303 40.8
-0.000321442 41.2
-0.000324581 41.6
-0.000327721 42
-0.000330861 42.4
-0.000334001 42.8
-0.000337142 43.2
-0.000340283 43.6
-0.000343424 44
-0.000346566 44.4
-0.000349708 44.8
-0.00035285 45.2
-0.000355993 45.6
-0.000359136 46
-0.000362279 46.4
-0.000365423 46.8
-0.000368567 47.2
-0.000371712 47.6
-0.000374857 48
-0.000378002 48.4
-0.000381147 48.8
-0.000384293 49.2
-0.00038744 49.6
-0.000390586 50
-0.000393733 50.4
-0.000396881 50.8
-0.000400028 51.2
-0.000403176 51.6
-0.000406325 52
-0.000409474 52.4
-0.000412623 52.8
-0.000415772 53.2
-0.000418922 53.6
-0.000422072 54
-0.000425223 54.4
-0.000428374 54.8
-0.000431525 55.2
-0.000434676 55.6
-0.000437828 56
-0.000440981 56.4
-0.000444133 56.8
-0.000447286 57.2
-0.00045044 57.6
-0.000453594 58
-0.000456748 58.4
-0.000459902 58.8
-0.000463057 59.2
-0.000466212 59.6
-0.000469368 60
-0.000472523 60.4
-0.00047568 60.8
-0.000478836 61.2
-0.000481993 61.6
-0.00048515 62
-0.000488308 62.4
-0.000491466 62.8
-0.000494624 63.2
-0.000497783 63.6
-0.000500942 64
-0.000504102 64.4
-0.000507261 64.8
-0.000510421 65.2
-0.000513582 65.6
-0.000516743 66
-0.000519904 66.4
-0.000523066 66.8
-0.000526227 67.2
-0.00052939 67.6
-0.000532552 68
-0.000535715 68.4
-0.000538879 68.8
-0.000542042 69.2
-0.000545206 69.6
-0.000548371 70
-0.000551535 70.4
-0.000554701 70.8
-0.000557866 71.2
-0.000561032 71.6
-0.000564198 72
-0.000567364 72.4
-0.000570531 72.8
-0.000573699 73.2
-0.000576866 73.6
-0.000580034 74
-0.000583202 74.4
-0.000586371 74.8
-0.00058954 75.2
-0.000592709 75.6
-0.000595879 76
-0.000599049 76.4
-0.00060222 76.8
-0.00060539 77.2
-0.000608562 77.6
-0.000611733 78
-0.000614905 78.4
-0.000618077 78.8
-0.00062125 79.2
-0.000624423 79.6
-0.000627596 80
-0.00063077 80.4
-0.000633944 80.8
-0.000637118 81.2
-0.000640293 81.6
-0.000643468 82
-0.000646643 82.4
-0.000649819 82.8
-0.000652995 83.2
-0.000656172 83.6
-0.000659348 84
-0.000662526 84.4
-0.000665703 84.8
-0.000668881 85.2
-0.000672059 85.6
-0.000675238 86
-0.000678417 86.4
-0.000681596 86.8
-0.000684776 87.2
-0.000687956 87.6
-0.000691136 88
-0.000694317 88.4
-0.000697498 88.8
-0.00070068 89.2
-0.000703861 89.6
-0.000707044 90
-0.000710226 90.4
-0.000713409 90.8
-0.000716592 91.2
-0.000719776 91.6
-0.00072296 92
-0.000726144 92.4
-0.000729329 92.8
-0.000732514 93.2
-0.000735699 93.6
-0.000738885 94
-0.000742071 94.4
-0.000745258 94.8
-0.000748444 95.2
-0.000751632 95.6
-0.000754819 96
-0.000758007 96.4
-0.000761195 96.8
-0.000764384 97.2
-0.000767573 97.6
-0.000770762 98
-0.000773952 98.4
-0.000777142 98.8
-0.000780332 99.2
-0.000783523 99.6
-0.000786714 100
-0.000789905 100.4
-0.000793097 100.8
-0.000796289 101.2
-0.000799482 101.6
-0.000802675 102
-0.000805868 102.4
-0.000809062 102.8
-0.000812256 103.2
-0.00081545 103.6
-0.000818644 104
-0.00082184 104.4
-0.000825035 104.8
-0.000828231 105.2
-0.000831427 105.6
-0.000834623 106
-0.00083782 106.4
-0.000841017 106.8
-0.000844215 107.2
-0.000847412 107.6
-0.000850611 108
-0.000853809 108.4
-0.000857008 108.8
-0.000860207 109.2
-0.000863407 109.6
-0.000866607 110
-0.000869808 110.4
-0.000873008 110.8
-0.000876209 111.2
-0.000879411 111.6
-0.000882613 112
-0.000885815 112.4
-0.000889017 112.8
-0.00089222 113.2
-0.000895423 113.6
-0.000898627 114
-0.000901831 114.4
-0.000905035 114.8
-0.00090824 115.2
-0.000911445 115.6
-0.00091465 116
-0.000917856 116.4
-0.000921062 116.8
-0.000924268 117.2
-0.000927475 117.6
-0.000930682 118
-0.00093389 118.4
-0.000937098 118.8
-0.000940306 119.2
-0.000943514 119.6
-0.000946723 120
-0.000949933 120.4
-0.000953142 120.8
-0.000956352 121.2
-0.000959563 121.6
-0.000962773 122
-0.000965985 122.4
-0.000969196 122.8
-0.000972408 123.2
-0.00097562 123.6
-0.000978832 124
-0.000982045 124.4
-0.000985259 124.8
-0.000988472 125.2
-0.000991686 125.6
-0.0009949 126
-0.000998115 126.4
-0.00100133 126.8
-0.00100455 127.2
-0.00100776 127.6
-0.00101098 128
-0.00101419 128.4
-0.00101741 128.8
-0.00102063 129.2
-0.00102385 129.6
-0.00102706 130
-0.00103028 130.4
-0.0010335 130.8
-0.00103672 131.2
-0.00103994 131.6
-0.00104316 132
-0.00104638 132.4
-0.0010496 132.8
-0.00105282 133.2
-0.00105604 133.6
-0.00105926 134
-0.00106248 134.4
-0.00106571 134.8
-0.00106893 135.2
-0.00107215 135.6
-0.00107537 136
-0.0010786 136.4
-0.00108182 136.8
-0.00108505 137.2
-0.00108827 137.6
-0.0010915 138
-0.00109472 138.4
-0.00109795 138.8
-0.00110117 139.2
-0.0011044 139.6
-0.00110763 140
-0.00111085 140.4
-0.00111408 140.8
-0.00111731 141.2
-0.00112054 141.6
-0.00112377 142
-0.00112699 142.4
-0.00113022 142.8
-0.00113345 143.2
-0.00113668 143.6
-0.00113991 144
-0.00114314 144.4
-0.00114638 144.8
-0.00114961 145.2
-0.00115284 145.6
-0.00115607 146
-0.0011593 146.4
-0.00116254 146.8
-0.00116577 147.2
-0.001169 147.6
-0.00117224 148
-0.00117547 148.4
-0.00117871 148.8
-0.00118194 149.2
-0.00118518 149.6
-0.00118841 150
-0.00119165 150.4
-0.00119489 150.8
-0.00119812 151.2
-0.00120136 151.6
-0.0012046 152
-0.00120784 152.4
-0.00121107 152.8
-0.00121431 153.2
-0.00121755 153.6
-0.00122079 154
-0.00122403 154.4
-0.00122727 154.8
-0.00123051 155.2
-0.00123375 155.6
-0.00123699 156
-0.00124024 156.4
-0.00124348 156.8
-0.00124672 157.2
-0.00124996 157.6
-0.0012532 158
-0.00125645 158.4
-0.00125969 158.8
-0.00126294 159.2
-0.00126618 159.6
-0.00126942 160
-0.00127267 160.4
-0.00127592 160.8
-0.00127916 161.2
-0.00128241 161.6
-0.00128565 162
-0.0012889 162.4
-0.00129215 162.8
-0.0012954 163.2
-0.00129864 163.6
-0.00130189 164
-0.00130514 164.4
-0.00130839 164.8
-0.00131164 165.2
-0.00131489 165.6
-0.00131814 166
-0.00132139 166.4
-0.00132464 166.8
-0.00132789 167.2
-0.00133114 167.6
-0.0013344 168
-0.00133765 168.4
-0.0013409 168.8
-0.00134415 169.2
-0.00134741 169.6
-0.00135066 170
-0.00135391 170.4
-0.00135717 170.8
-0.00136042 171.2
-0.00136368 171.6
-0.00136693 172
-0.00137019 172.4
-0.00137345 172.8
-0.0013767 173.2
-0.00137996 173.6
-0.00138322 174
-0.00138647 174.4
-0.00138973 174.8
-0.00139299 175.2
-0.00139625 175.6
-0.00139951 176
-0.00140277 176.4
-0.00140603 176.8
-0.00140929 177.2
-0.00141255 177.6
-0.00141581 178
-0.00141907 178.4
-0.00142233 178.8
-0.00142559 179.2
-0.00142886 179.6
-0.00143212 180
-0.00143538 180.4
-0.00143865 180.8
-0.00144191 181.2
-0.00144517 181.6
-0.00144844 182
-0.0014517 182.4
-0.00145497 182.8
-0.00145823 183.2
-0.0014615 183.6
-0.00146477 184
-0.00146803 184.4
-0.0014713 184.8
-0.00147457 185.2
-0.00147784 185.6
-0.0014811 186
-0.00148437 186.4
-0.00148764 186.8
-0.00149091 187.2
-0.00149418 187.6
-0.00149745 188
-0.00150072 188.4
-0.00150399 188.8
-0.00150726 189.2
-0.00151053 189.6
-0.0015138 190
-0.00151708 190.4
-0.00152035 190.8
-0.00152362 191.2
-0.00152689 191.6
-0.00153017 192
-0.00153344 192.4
-0.00153672 192.8
-0.00153999 193.2
-0.00154327 193.6
-0.00154654 194
-0.00154982 194.4
-0.00155309 194.8
-0.00155637 195.2
-0.00155965 195.6
-0.00156292 196
-0.0015662 196.4
-0.00156948 196.8
-0.00157276 197.2
-0.00157604 197.6
-0.00157931 198
-0.00158259 198.4
-0.00158587 198.8
-0.00158915 199.2
-0.00159243 199.6
-0.00159571 200
-0.00159899 200.4
-0.00160228 200.8
-0.00160556 201.2
-0.00160884 201.6
-0.00161212 202
-0.00161541 202.4
-0.00161869 202.8
-0.00162197 203.2
-0.00162526 203.6
-0.00162854 204
-0.00163183 204.4
-0.00163511 204.8
-0.0016384 205.2
-0.00164168 205.6
-0.00164497 206
-0.00164825 206.4
-0.00165154 206.8
-0.00165483 207.2
-0.00165812 207.6
-0.0016614 208
-0.00166469 208.4
-0.00166798 208.8
-0.00167127 209.2
-0.00167456 209.6
-0.00167785 210
-0.00168114 210.4
-0.00168443 210.8
-0.00168772 211.2
-0.00169101 211.6
-0.0016943 212
-0.00169759 212.4
-0.00170089 212.8
-0.00170418 213.2
-0.00170747 213.6
-0.00171077 214
-0.00171406 214.4
-0.00171735 214.8
-0.00172065 215.2
-0.00172394 215.6
-0.00172724 216
-0.00173053 216.4
-0.00173383 216.8
-0.00173712 217.2
-0.00174042 217.6
-0.00174372 218
-0.00174702 218.4
-0.00175031 218.8
-0.00175361 219.2
-0.00175691 219.6
-0.00176021 220
-0.00176351 220.4
-0.00176681 220.8
-0.00177011 221.2
-0.00177341 221.6
-0.00177671 222
-0.00178001 222.4
-0.00178331 222.8
-0.00178661 223.2
-0.00178991 223.6
-0.00179322 224
-0.00179652 224.4
-0.00179982 224.8
-0.00180312 225.2
-0.00180643 225.6
-0.00180973 226
-0.00181304 226.4
-0.00181634 226.8
-0.00181965 227.2
-0.00182295 227.6
-0.00182626 228
-0.00182956 228.4
-0.00183287 228.8
-0.00183618 229.2
-0.00183949 229.6
-0.00184279 230
-0.0018461 230.4
-0.00184941 230.8
-0.00185272 231.2
-0.00185603 231.6
-0.00185934 232
-0.00186265 232.4
-0.00186596 232.8
-0.00186927 233.2
-0.00187258 233.6
-0.00187589 234
-0.0018792 234.4
-0.00188252 234.8
-0.00188583 235.2
-0.00188914 235.6
-0.00189245 236
-0.00189577 236.4
-0.00189908 236.8
-0.0019024 237.2
-0.00190571 237.6
-0.00190902 238
-0.00191234 238.4
-0.00191566 238.8
-0.00191897 239.2
-0.00192229 239.6
-0.00192561 240
-0.00192892 240.4
-0.00193224 240.8
-0.00193556 241.2
-0.00193888 241.6
-0.00194219 242
-0.00194551 242.4
-0.00194883 242.8
-0.00195215 243.2
-0.00195547 243.6
-0.00195879 244
-0.00196211 244.4
-0.00196543 244.8
-0.00196876 245.2
-0.00197208 245.6
-0.0019754 246
-0.00197872 246.4
-0.00198205 246.8
-0.00198537 247.2
-0.00198869 247.6
-0.00199202 248
-0.00199534 248.4
-0.00199867 248.8
-0.00200199 249.2
-0.00200532 249.6
-0.00200864 250
-0.00201197 250.4
-0.0020153 250.8
-0.00201862 251.2
-0.00202195 251.6
-0.00202528 252
-0.0020286 252.4
-0.00203193 252.8
-0.00203526 253.2
-0.00203859 253.6
-0.00204192 254
-0.00204525 254.4
-0.00204858 254.8
-0.00205191 255.2
-0.00205524 255.6
-0.00205857 256
-0.0020619 256.4
-0.00206524 256.8
-0.00206857 257.2
-0.0020719 257.6
-0.00207523 258
-0.00207857 258.4
-0.0020819 258.8
-0.00208524 259.2
-0.00208857 259.6
-0.00209191 260
-0.00209524 260.4
-0.00209858 260.8
-0.00210191 261.2
-0.00210525 261.6
-0.00210859 262
-0.00211192 262.4
-0.00211526 262.8
-0.0021186 263.2
-0.00212194 263.6
-0.00212527 264
-0.00212861 264.4
-0.00213195 264.8
-0.00213529 265.2
-0.00213863 265.6
-0.00214197 266
-0.00214531 266.4
-0.00214865 266.8
-0.002152 267.2
-0.00215534 267.6
-0.00215868 268
-0.00216202 268.4
-0.00216536 268.8
-0.00216871 269.2
-0.00217205 269.6
-0.0021754 270
-0.00217874 270.4
-0.00218208 270.8
-0.00218543 271.2
-0.00218877 271.6
-0.00219212 272
-0.00219547 272.4
-0.00219881 272.8
-0.00220216 273.2
-0.00220551 273.6
-0.00220885 274
-0.0022122 274.4
-0.00221555 274.8
-0.0022189 275.2
-0.00222225 275.6
-0.0022256 276
-0.00222895 276.4
-0.0022323 276.8
-0.00223565 277.2
-0.002239 277.6
-0.00224235 278
-0.0022457 278.4
-0.00224905 278.8
-0.00225241 279.2
-0.00225576 279.6
-0.00225911 280
-0.00226247 280.4
-0.00226582 280.8
-0.00226917 281.2
-0.00227253 281.6
-0.00227588 282
-0.00227924 282.4
-0.00228259 282.8
-0.00228595 283.2
-0.00228931 283.6
-0.00229266 284
-0.00229602 284.4
-0.00229938 284.8
-0.00230273 285.2
-0.00230609 285.6
-0.00230945 286
-0.00231281 286.4
-0.00231617 286.8
-0.00231953 287.2
-0.00232289 287.6
-0.00232625 288
-0.00232961 288.4
-0.00233297 288.8
-0.00233633 289.2
-0.00233969 289.6
-0.00234305 290
-0.00234642 290.4
-0.00234978 290.8
-0.00235314 291.2
-0.00235651 291.6
-0.00235987 292
-0.00236324 292.4
-0.0023666 292.8
-0.00236996 293.2
-0.00237333 293.6
-0.0023767 294
-0.00238006 294.4
-0.00238343 294.8
-0.0023868 295.2
-0.00239016 295.6
-0.00239353 296
-0.0023969 296.4
-0.00240027 296.8
-0.00240363 297.2
-0.002407 297.6
-0.00241037 298
-0.00241374 298.4
-0.00241711 298.8
-0.00242048 299.2
-0.00242385 299.6
-0.00242723 300
-0.0024306 300.4
-0.00243397 300.8
-0.00243734 301.2
-0.00244071 301.6
-0.00244409 302
-0.00244746 302.4
-0.00245083 302.8
-0.00245421 303.2
-0.00245758 303.6
-0.00246096 304
-0.00246433 304.4
-0.00246771 304.8
-0.00247108 305.2
-0.00247446 305.6
-0.00247784 306
-0.00248121 306.4
-0.00248459 306.8
-0.00248797 307.2
-0.00249135 307.6
-0.00249472 308
-0.0024981 308.4
-0.00250148 308.8
-0.00250486 309.2
-0.00250824 309.6
-0.00251162 310
-0.002515 310.4
-0.00251838 310.8
-0.00252177 311.2
-0.00252515 311.6
-0.00252853 312
-0.00253191 312.4
-0.00253529 312.8
-0.00253868 313.2
-0.00254206 313.6
-0.00254544 314
-0.00254883 314.4
-0.00255221 314.8
-0.0025556 315.2
-0.00255898 315.6
-0.00256237 316
-0.00256576 316.4
-0.00256914 316.8
-0.00257253 317.2
-0.00257592 317.6
-0.0025793 318
-0.00258269 318.4
-0.00258608 318.8
-0.00258947 319.2
-0.00259286 319.6
-0.00259625 320
-0.00259964 320.4
-0.00260303 320.8
-0.00260642 321.2
-0.00260981 321.6
-0.0026132 322
-0.00261659 322.4
-0.00261998 322.8
-0.00262337 323.2
-0.00262677 323.6
-0.00263016 324
-0.00263355 324.4
-0.00263695 324.8
-0.00264034 325.2
-0.00264374 325.6
-0.00264713 326
-0.00265053 326.4
-0.00265392 326.8
-0.00265732 327.2
-0.00266071 327.6
-0.00266411 328
-0.00266751 328.4
-0.0026709 328.8
-0.0026743 329.2
-0.0026777 329.6
-0.0026811 330
-0.0026845 330.4
-0.0026879 330.8
-0.0026913 331.2
-0.0026947 331.6
-0.0026981 332
-0.0027015 332.4
-0.0027049 332.8
-0.0027083 333.2
-0.0027117 333.6
-0.0027151 334
-0.00271851 334.4
-0.00272191 334.8
-0.00272531 335.2
-0.00272872 335.6
-0.00273212 336
-0.00273552 336.4
-0.00273893 336.8
-0.00274233 337.2
-0.00274574 337.6
-0.00274914 338
-0.00275255 338.4
-0.00275596 338.8
-0.00275936 339.2
-0.00276277 339.6
-0.00276618 340
-0.00276959 340.4
-0.002773 340.8
-0.0027764 341.2
-0.00277981 341.6
-0.00278322 342
-0.00278663 342.4
-0.00279004 342.8
-0.00279345 343.2
-0.00279686 343.6
-0.00280027 344
-0.00280369 344.4
-0.0028071 344.8
-0.00281051 345.2
-0.00281392 345.6
-0.00281734 346
-0.00282075 346.4
-0.00282416 346.8
-0.00282758 347.2
-0.00283099 347.6
-0.00283441 348
-0.00283782 348.4
-0.00284124 348.8
-0.00284465 349.2
-0.00284807 349.6
-0.00285149 350
-0.0028549 350.4
-0.00285832 350.8
-0.00286174 351.2
-0.00286516 351.6
-0.00286858 352
-0.00287199 352.4
-0.00287541 352.8
-0.00287883 353.2
-0.00288225 353.6
-0.00288567 354
-0.00288909 354.4
-0.00289252 354.8
-0.00289594 355.2
-0.00289936 355.6
-0.00290278 356
-0.0029062 356.4
-0.00290963 356.8
-0.00291305 357.2
-0.00291647 357.6
-0.0029199 358
-0.00292332 358.4
-0.00292675 358.8
-0.00293017 359.2
-0.0029336 359.6
-0.00293702 360
-0.00294045 360.4
-0.00294388 360.8
-0.0029473 361.2
-0.00295073 361.6
-0.00295416 362
-0.00295759 362.4
-0.00296101 362.8
-0.00296444 363.2
-0.00296787 363.6
-0.0029713 364
-0.00297473 364.4
-0.00297816 364.8
-0.00298159 365.2
-0.00298502 365.6
-0.00298845 366
-0.00299189 366.4
-0.00299532 366.8
-0.00299875 367.2
-0.00300218 367.6
-0.00300562 368
-0.00300905 368.4
-0.00301248 368.8
-0.00301592 369.2
-0.00301935 369.6
-0.00302279 370
-0.00302622 370.4
-0.00302966 370.8
-0.00303309 371.2
-0.00303653 371.6
-0.00303997 372
-0.0030434 372.4
-0.00304684 372.8
-0.00305028 373.2
-0.00305372 373.6
-0.00305716 374
-0.0030606 374.4
-0.00306404 374.8
-0.00306747 375.2
-0.00307092 375.6
-0.00307436 376
-0.0030778 376.4
-0.00308124 376.8
-0.00308468 377.2
-0.00308812 377.6
-0.00309156 378
-0.00309501 378.4
-0.00309845 378.8
-0.00310189 379.2
-0.00310534 379.6
-0.00310878 380
-0.00311222 380.4
-0.00311567 380.8
-0.00311911 381.2
-0.00312256 381.6
-0.00312601 382
-0.00312945 382.4
-0.0031329 382.8
-0.00313635 383.2
-0.00313979 383.6
-0.00314324 384
-0.00314669 384.4
-0.00315014 384.8
-0.00315359 385.2
-0.00315704 385.6
-0.00316049 386
-0.00316394 386.4
-0.00316739 386.8
-0.00317084 387.2
-0.00317429 387.6
-0.00317774 388
-0.00318119 388.4
-0.00318464 388.8
-0.0031881 389.2
-0.00319155 389.6
-0.003195 390
-0.00319846 390.4
-0.00320191 390.8
-0.00320536 391.2
-0.00320882 391.6
-0.00321227 392
-0.00321573 392.4
-0.00321918 392.8
-0.00322264 393.2
-0.0032261 393.6
-0.00322955 394
-0.00323301 394.4
-0.00323647 394.8
-0.00323993 395.2
-0.00324339 395.6
-0.00324684 396
-0.0032503 396.4
-0.00325376 396.8
-0.00325722 397.2
-0.00326068 397.6
-0.00326414 398
-0.0032676 398.4
-0.00327107 398.8
-0.00327453 399.2
-0.00327799 399.6
-0.00328145 400
-0.00328491 400.4
-0.00328838 400.8
-0.00329184 401.2
-0.0032953 401.6
-0.00329877 402
-0.00330223 402.4
-0.0033057 402.8
-0.00330916 403.2
-0.00331263 403.6
-0.0033161 404
-0.00331956 404.4
-0.00332303 404.8
-0.0033265 405.2
-0.00332996 405.6
-0.00333343 406
-0.0033369 406.4
-0.00334037 406.8
-0.00334384 407.2
-0.00334731 407.6
-0.00335078 408
-0.00335425 408.4
-0.00335772 408.8
-0.00336119 409.2
-0.00336466 409.6
-0.00336813 410
-0.0033716 410.4
-0.00337507 410.8
-0.00337855 411.2
-0.00338202 411.6
-0.00338549 412
-0.00338897 412.4
-0.00339244 412.8
-0.00339592 413.2
-0.00339939 413.6
-0.00340287 414
-0.00340634 414.4
-0.00340982 414.8
-0.00341329 415.2
-0.00341677 415.6
-0.00342025 416
-0.00342373 416.4
-0.0034272 416.8
-0.00343068 417.2
-0.00343416 417.6
-0.00343764 418
-0.00344112 418.4
-0.0034446 418.8
-0.00344808 419.2
-0.00345156 419.6
-0.00345504 420
-0.00345852 420.4
-0.003462 420.8
-0.00346548 421.2
-0.00346897 421.6
-0.00347245 422
-0.00347593 422.4
-0.00347941 422.8
-0.0034829 423.2
-0.00348638 423.6
-0.00348987 424
-0.00349335 424.4
-0.00349684 424.8
-0.00350032 425.2
-0.00350381 425.6
-0.00350729 426
-0.00351078 426.4
-0.00351427 426.8
-0.00351775 427.2
-0.00352124 427.6
-0.00352473 428
-0.00352822 428.4
-0.00353171 428.8
-0.0035352 429.2
-0.00353869 429.6
-0.00354218 430
-0.00354567 430.4
-0.00354916 430.8
-0.00355265 431.2
-0.00355614 431.6
-0.00355963 432
-0.00356312 432.4
-0.00356662 432.8
-0.00357011 433.2
-0.0035736 433.6
-0.0035771 434
-0.00358059 434.4
-0.00358408 434.8
-0.00358758 435.2
-0.00359107 435.6
-0.00359457 436
-0.00359807 436.4
-0.00360156 436.8
-0.00360506 437.2
-0.00360855 437.6
-0.00361205 438
-0.00361555 438.4
-0.00361905 438.8
-0.00362255 439.2
-0.00362604 439.6
-0.00362954 440
-0.00363304 440.4
-0.00363654 440.8
-0.00364004 441.2
-0.00364354 441.6
-0.00364704 442
-0.00365055 442.4
-0.00365405 442.8
-0.00365755 443.2
-0.00366105 443.6
-0.00366455 444
-0.00366806 444.4
-0.00367156 444.8
-0.00367507 445.2
-0.00367857 445.6
-0.00368207 446
-0.00368558 446.4
-0.00368908 446.8
-0.00369259 447.2
-0.0036961 447.6
-0.0036996 448
-0.00370311 448.4
-0.00370662 448.8
-0.00371012 449.2
-0.00371363 449.6
-0.00371714 450
-0.00372065 450.4
-0.00372416 450.8
-0.00372767 451.2
-0.00373118 451.6
-0.00373469 452
-0.0037382 452.4
-0.00374171 452.8
-0.00374522 453.2
-0.00374873 453.6
-0.00375224 454
-0.00375576 454.4
-0.00375927 454.8
-0.00376278 455.2
-0.00376629 455.6
-0.00376981 456
-0.00377332 456.4
-0.00377684 456.8
-0.00378035 457.2
-0.00378387 457.6
-0.00378738 458
-0.0037909 458.4
-0.00379442 458.8
-0.00379793 459.2
-0.00380145 459.6
-0.00380497 460
-0.00380848 460.4
-0.003812 460.8
-0.00381552 461.2
-0.00381904 461.6
-0.00382256 462
-0.00382608 462.4
-0.0038296 462.8
-0.00383312 463.2
-0.00383664 463.6
-0.00384016 464
-0.00384368 464.4
-0.00384721 464.8
-0.00385073 465.2
-0.00385425 465.6
-0.00385777 466
-0.0038613 466.4
-0.00386482 466.8
-0.00386834 467.2
-0.00387187 467.6
-0.00387539 468
-0.00387892 468.4
-0.00388244 468.8
-0.00388597 469.2
-0.0038895 469.6
-0.00389302 470
-0.00389655 470.4
-0.00390008 470.8
-0.00390361 471.2
-0.00390714 471.6
-0.00391066 472
-0.00391419 472.4
-0.00391772 472.8
-0.00392125 473.2
-0.00392478 473.6
-0.00392831 474
-0.00393184 474.4
-0.00393537 474.8
-0.00393891 475.2
-0.00394244 475.6
-0.00394597 476
-0.0039495 476.4
-0.00395304 476.8
-0.00395657 477.2
-0.0039601 477.6
-0.00396364 478
-0.00396717 478.4
-0.00397071 478.8
-0.00397424 479.2
-0.00397778 479.6
-0.00398131 480
-0.00398485 480.4
-0.00398839 480.8
-0.00399192 481.2
-0.00399546 481.6
-0.003999 482
-0.00400254 482.4
-0.00400607 482.8
-0.00400961 483.2
-0.00401315 483.6
-0.00401669 484
-0.00402023 484.4
-0.00402377 484.8
-0.00402731 485.2
-0.00403085 485.6
-0.00403439 486
-0.00403794 486.4
-0.00404148 486.8
-0.00404502 487.2
-0.00404856 487.6
-0.00405211 488
-0.00405565 488.4
-0.00405919 488.8
-0.00406274 489.2
-0.00406628 489.6
-0.00406983 490
-0.00407337 490.4
-0.00407692 490.8
-0.00408047 491.2
-0.00408401 491.6
-0.00408756 492
-0.00409111 492.4
-0.00409466 492.8
-0.0040982 493.2
-0.00410175 493.6
-0.0041053 494
-0.00410885 494.4
-0.0041124 494.8
-0.00411595 495.2
-0.0041195 495.6
-0.00412305 496
-0.0041266 496.4
-0.00413015 496.8
-0.0041337 497.2
-0.00413726 497.6
-0.00414081 498
-0.00414436 498.4
-0.00414791 498.8
-0.00415147 499.2
-0.00415502 499.6
-0.00415858 500
-0.00416213 500.4
-0.00416569 500.8
-0.00416924 501.2
-0.0041728 501.6
-0.00417635 502
-0.00417991 502.4
-0.00418347 502.8
-0.00418702 503.2
-0.00419058 503.6
-0.00419414 504
-0.0041977 504.4
-0.00420126 504.8
-0.00420482 505.2
-0.00420838 505.6
-0.00421194 506
-0.0042155 506.4
-0.00421906 506.8
-0.00422262 507.2
-0.00422618 507.6
-0.00422974 508
-0.0042333 508.4
-0.00423686 508.8
-0.00424043 509.2
-0.00424399 509.6
-0.00424755 510
-0.00425112 510.4
-0.00425468 510.8
-0.00425825 511.2
-0.00426181 511.6
-0.00426538 512
-0.00426894 512.4
-0.00427251 512.8
-0.00427608 513.2
-0.00427964 513.6
-0.00428321 514
-0.00428678 514.4
-0.00429035 514.8
-0.00429391 515.2
-0.00429748 515.6
-0.00430105 516
-0.00430462 516.4
-0.00430819 516.8
-0.00431176 517.2
-0.00431533 517.6
-0.0043189 518
-0.00432247 518.4
-0.00432605 518.8
-0.00432962 519.2
-0.00433319 519.6
-0.00433676 520
-0.00434034 520.4
-0.00434391 520.8
-0.00434748 521.2
-0.00435106 521.6
-0.00435463 522
-0.00435821 522.4
-0.00436178 522.8
-0.00436536 523.2
-0.00436893 523.6
-0.00437251 524
-0.00437609 524.4
-0.00437966 524.8
-0.00438324 525.2
-0.00438682 525.6
-0.0043904 526
-0.00439398 526.4
-0.00439756 526.8
-0.00440114 527.2
-0.00440472 527.6
-0.0044083 528
-0.00441188 528.4
-0.00441546 528.8
-0.00441904 529.2
-0.00442262 529.6
-0.0044262 530
-0.00442978 530.4
-0.00443337 530.8
-0.00443695 531.2
-0.00444053 531.6
-0.00444412 532
-0.0044477 532.4
-0.00445129 532.8
-0.00445487 533.2
-0.00445846 533.6
-0.00446204 534
-0.00446563 534.4
-0.00446921 534.8
-0.0044728 535.2
-0.00447639 535.6
-0.00447998 536
-0.00448356 536.4
-0.00448715 536.8
-0.00449074 537.2
-0.00449433 537.6
-0.00449792 538
-0.00450151 538.4
-0.0045051 538.8
-0.00450869 539.2
-0.00451228 539.6
-0.00451587 540
-0.00451946 540.4
-0.00452306 540.8
-0.00452665 541.2
-0.00453024 541.6
-0.00453383 542
-0.00453743 542.4
-0.00454102 542.8
-0.00454462 543.2
-0.00454821 543.6
-0.00455181 544
-0.0045554 544.4
-0.004559 544.8
-0.00456259 545.2
-0.00456619 545.6
-0.00456979 546
-0.00457338 546.4
-0.00457698 546.8
-0.00458058 547.2
-0.00458418 547.6
-0.00458777 548
-0.00459137 548.4
-0.00459497 548.8
-0.00459857 549.2
-0.00460217 549.6
-0.00460577 550
-0.00460937 550.4
-0.00461298 550.8
-0.00461658 551.2
-0.00462018 551.6
-0.00462378 552
-0.00462738 552.4
-0.00463099 552.8
-0.00463459 553.2
-0.00463819 553.6
-0.0046418 554
-0.0046454 554.4
-0.00464901 554.8
-0.00465261 555.2
-0.00465622 555.6
-0.00465983 556
-0.00466343 556.4
-0.00466704 556.8
-0.00467065 557.2
-0.00467425 557.6
-0.00467786 558
-0.00468147 558.4
-0.00468508 558.8
-0.00468869 559.2
-0.0046923 559.6
-0.00469591 560
-0.00469952 560.4
-0.00470313 560.8
-0.00470674 561.2
-0.00471035 561.6
-0.00471396 562
-0.00471757 562.4
-0.00472118 562.8
-0.0047248 563.2
-0.00472841 563.6
-0.00473202 564
-0.00473564 564.4
-0.00473925 564.8
-0.00474287 565.2
-0.00474648 565.6
-0.0047501 566
-0.00475371 566.4
-0.00475733 566.8
-0.00476094 567.2
-0.00476456 567.6
-0.00476818 568
-0.0047718 568.4
-0.00477541 568.8
-0.00477903 569.2
-0.00478265 569.6
-0.00478627 570
-0.00478989 570.4
-0.00479351 570.8
-0.00479713 571.2
-0.00480075 571.6
-0.00480437 572
-0.00480799 572.4
-0.00481161 572.8
-0.00481524 573.2
-0.00481886 573.6
-0.00482248 574
-0.0048261 574.4
-0.00482973 574.8
-0.00483335 575.2
-0.00483697 575.6
-0.0048406 576
-0.00484422 576.4
-0.00484785 576.8
-0.00485148 577.2
-0.0048551 577.6
-0.00485873 578
-0.00486235 578.4
-0.00486598 578.8
-0.00486961 579.2
-0.00487324 579.6
-0.00487687 580
-0.00488049 580.4
-0.00488412 580.8
-0.00488775 581.2
-0.00489138 581.6
-0.00489501 582
-0.00489864 582.4
-0.00490227 582.8
-0.0049059 583.2
-0.00490954 583.6
-0.00491317 584
-0.0049168 584.4
-0.00492043 584.8
-0.00492407 585.2
-0.0049277 585.6
-0.00493133 586
-0.00493497 586.4
-0.0049386 586.8
-0.00494224 587.2
-0.00494587 587.6
-0.00494951 588
-0.00495314 588.4
-0.00495678 588.8
-0.00496042 589.2
-0.00496405 589.6
-0.00496769 590
-0.00497133 590.4
-0.00497497 590.8
-0.00497861 591.2
-0.00498225 591.6
-0.00498589 592
-0.00498952 592.4
-0.00499316 592.8
-0.00499681 593.2
-0.00500045 593.6
-0.00500409 594
-0.00500773 594.4
-0.00501137 594.8
-0.00501501 595.2
-0.00501866 595.6
-0.0050223 596
-0.00502594 596.4
-0.00502959 596.8
-0.00503323 597.2
-0.00503688 597.6
-0.00504052 598
-0.00504417 598.4
-0.00504781 598.8
-0.00505146 599.2
-0.0050551 599.6
-0.00505875 600
