Static
Number of Materials, Nodes, Elements, Loaded Nodes, Elements with temperature, Nodes with Boundary, Steps, Tolarence
1 36 69 2 36 500 0.000000001

Materials
Number, Young, PlastStrain, Hardening, Density
0	210000000.0 10000000000000000000000000.00122 5197224.0 7000000.0

Nodes
Number, X1, X2, X3
0	0.00	0.00	0.00
1	0.00	1.00	0.00
2	0.00	2.00	0.00
3	0.00	3.00	0.00
4	0.00	4.00	0.00
5	0.00	5.00	0.00
6	0.00	6.00	0.00
7	0.40	6.00	0.00
8	3.40	6.00	0.00
9	6.40	6.00	0.00
10	9.40	6.00	0.00
11	12.40	6.00	0.00
12	15.40	6.00	0.00
13	15.80	6.00	0.00
14	15.80	5.00	0.00
15	15.80	4.00	0.00
16	15.80	3.00	0.00
17	15.80	2.00	0.00
18	15.80	1.00	0.00
19	15.80	0.00	0.00
20	15.40	0.00	0.00
21	15.40	1.00	0.00
22	15.40	2.00	0.00
23	15.40	3.00	0.00
24	15.40	4.00	0.00
25	15.40	5.00	0.00
26	12.40	5.00	0.00
27	9.40	5.00	0.00
28	6.40	5.00	0.00
29	3.40	5.00	0.00
30	0.40	5.00	0.00
31	0.40	4.00	0.00
32	0.40	3.00	0.00
33	0.40	2.00	0.00
34	0.40	1.00	0.00
35	0.40	0.00	0.00

Elements
Number, Initial Node, End Node, Type Materials, Area
0	0	1	0	0.0012
1	1	2	0	0.0012
2	2	3	0	0.0012
3	3	4	0	0.0012
4	4	5	0	0.0012
5	5	6	0	0.0012
6	6	7	0	0.0012
7	7	8	0	0.0012
8	8	9	0	0.0012
9	9	10	0	0.0012
10	10	11	0	0.0012
11	11	12	0	0.0012
12	12	13	0	0.0012
13	13	14	0	0.0012
14	14	15	0	0.0012
15	15	16	0	0.0012
16	16	17	0	0.0012
17	17	18	0	0.0012
18	18	19	0	0.0012
19	19	20	0	0.0012
20	20	21	0	0.0012
21	21	22	0	0.0012
22	22	23	0	0.0012
23	23	24	0	0.0012
24	24	25	0	0.0012
25	25	26	0	0.0012
26	26	27	0	0.0012
27	27	28	0	0.0012
28	28	29	0	0.0012
29	29	30	0	0.0012
30	30	31	0	0.0012
31	31	32	0	0.0012
32	32	33	0	0.0012
33	33	34	0	0.0012
34	34	35	0	0.0012
35	0	35	0	0.0012
36	0	34	0	0.0012
37	1	34	0	0.0012
38	1	33	0	0.0012
39	2	33	0	0.0012
40	2	32	0	0.0012
41	3	32	0	0.0012
42	3	31	0	0.0012
43	4	31	0	0.0012
44	4	30	0	0.0012
45	5	30	0	0.0012
46	5	7	0	0.0012
47	30	7	0	0.0012
48	30	8	0	0.0012
49	29	8	0	0.0012
50	29	9	0	0.0012
51	28	9	0	0.0012
52	28	10	0	0.0012
53	27	10	0	0.0012
54	27	11	0	0.0012
55	26	11	0	0.0012
56	26	12	0	0.0012
57	25	12	0	0.0012
58	25	13	0	0.0012
59	25	14	0	0.0012
60	24	14	0	0.0012
61	24	15	0	0.0012
62	23	15	0	0.0012
63	23	16	0	0.0012
64	22	16	0	0.0012
65	22	17	0	0.0012
66	21	17	0	0.0012
67	21	18	0	0.0012
68	20	18	0	0.0012

Loaded Nodes
Number, X1, X2, X3
9	0.00 -300.0 0.00
10	0.00 -300.0 0.00

Nodes with Boundary Conditions (1 para restrito e 0 para livre)
Number, X1, X2, X3
0	1	1	1
1	0	0	1
2	0	0	1
3	0	0	1
4	0	0	1
5	0	0	1
6	0	0	1
7	0	0	1
8	0	0	1
9	0	0	1
10	0	0	1
11	0	0	1
12	0	0	1
13	0	0	1
14	0	0	1
15	0	0	1
16	0	0	1
17	0	0	1
18	0	0	1
19	1	1	1
20	1	1	1
21	0	0	1
22	0	0	1
23	0	0	1
24	0	0	1
25	0	0	1
26	0	0	1
27	0	0	1
28	0	0	1
29	0	0	1
30	0	0	1
31	0	0	1
32	0	0	1
33	0	0	1
34	0	0	1
35	1	1	1
