Torre

Analysis Parameters
Number of time or load step, tolerance
1000 1.0e-06

Materials
1
Number, Young, PlastStrain, Hardening, Density, Expansion coefficient - (para análises lineares basta colocar o termo PlastStrain muito alto - 10000000000000000000000.0)
0 10000.0 1000000000000000.0012 30000000.0 7000000.0 0.000014

Nodes
13
Number, X1, X2, X3
0	0.000000	50.000000	0.000000
1	43.301270	25.000000	0.000000
2	43.301270	-25.000000	0.000000
3	0.000000	-50.000000	0.000000
4	-43.301270	-25.000000	0.000000
5	-43.301270	25.000000	0.000000
6	12.500000	21.650635	6.216000
7	25.000000	0.000000	6.216000
8	12.500000	-21.650635	6.216000
9	-12.500000	-21.650635	6.216000
10	-25.000000	0.000000	6.216000
11	-12.500000	21.650635	6.216000
12	0.000000	0.000000	8.216000

Elements
24
Number, Initial Node, End Node, Type Materials, Area
0	4	9	0	1.00
1	9	3	0	1.00
2	3	8	0	1.00
3	8	2	0	1.00
4	2	7	0	1.00
5	7	1	0	1.00
6	1	6	0	1.00
7	6	0	0	1.00
8	0	11	0	1.00
9	11	5	0	1.00
10	5	10	0	1.00
11	10	4	0	1.00
12	9	8	0	1.00
13	8	7	0	1.00
14	7	6	0	1.00
15	6	11	0	1.00
16	11	10	0	1.00
17	10	9	0	1.00
18	9	12	0	1.00
19	12	8	0	1.00
20	12	7	0	1.00
21	12	6	0	1.00
22	12	11	0	1.00
23	12	10	0	1.00

Loaded Nodes, 
1
Number, X1, X2, X3
12 0.0 0.0 -100.0

Elements with temperature variation
0
Number DeltaTemperature

Nodes with Boundary (1 p/ deslocamento restringido)
6
Number, X1, X2, X3
0	1	1	1
1	1	1	1
2	1	1	1
3	1	1	1
4	1	1	1
5	1	1	1