3.92194e-07 0.0002
1.53853e-06 0.0004
3.35185e-06 0.0006
5.69816e-06 0.0008
8.41188e-06 0.001
1.13144e-05 0.0012
1.42335e-05 0.0014
1.70214e-05 0.0016
1.95693e-05 0.0018
2.1816e-05 0.002
2.37508e-05 0.0022
2.54099e-05 0.0024
2.68669e-05 0.0026
2.82194e-05 0.0028
2.95732e-05 0.003
3.10266e-05 0.0032
3.26564e-05 0.0034
3.45087e-05 0.0036
3.65933e-05 0.0038
3.8885e-05 0.004
4.13284e-05 0.0042
4.38483e-05 0.0044
4.63613e-05 0.0046
4.87888e-05 0.0048
5.10686e-05 0.005
5.31628e-05 0.0052
5.50636e-05 0.0054
5.67921e-05 0.0056
5.83951e-05 0.0058
5.99364e-05 0.006
6.14871e-05 0.0062
6.31143e-05 0.0064
6.48717e-05 0.0066
6.67911e-05 0.0068
6.88791e-05 0.007
7.11164e-05 0.0072
7.34616e-05 0.0074
7.5858e-05 0.0076
7.82425e-05 0.0078
8.05557e-05 0.008
8.27502e-05 0.0082
8.47981e-05 0.0084
8.66942e-05 0.0086
8.84566e-05 0.0088
9.01233e-05 0.009
9.17459e-05 0.0092
9.33816e-05 0.0094
9.50842e-05 0.0096
9.68964e-05 0.0098
9.8843e-05 0.01
0.000100928 0.0102
0.000103134 0.0104
0.000105426 0.0106
0.000107756 0.0108
0.00011007 0.011
0.000112321 0.0112
0.000114468 0.0114
0.000116489 0.0116
0.000118382 0.0118
0.000120164 0.012
0.000121867 0.0122
0.000123536 0.0124
0.000125221 0.0126
0.000126968 0.0128
0.000128813 0.013
0.000130775 0.0132
0.000132856 0.0134
0.000135042 0.0136
0.000137298 0.0138
0.000139583 0.014
0.000141851 0.0142
0.000144059 0.0144
0.000146173 0.0146
0.000148175 0.0148
0.000150063 0.015
0.000151853 0.0152
0.000153576 0.0154
0.000155272 0.0156
0.000156984 0.0158
0.000158751 0.016
0.000160604 0.0162
0.000162559 0.0164
0.000164614 0.0166
0.000166751 0.0168
0.000168939 0.017
0.000171136 0.0172
0.000173295 0.0174
0.000175375 0.0176
0.00017734 0.0178
0.000179168 0.018
0.000180851 0.0182
0.000182396 0.0184
0.00018382 0.0186
0.000185149 0.0188
0.000186407 0.019
0.000187616 0.0192
0.000188786 0.0194
0.000189911 0.0196
0.000190973 0.0198
0.000191934 0.02
0.000192746 0.0202
0.000193352 0.0204
0.000193695 0.0206
0.000193722 0.0208
0.000193392 0.021
0.000192678 0.0212
0.000191575 0.0214
0.000190095 0.0216
0.000188267 0.0218
0.000186134 0.022
0.000183749 0.0222
0.000181167 0.0224
0.000178441 0.0226
0.000175619 0.0228
0.00017274 0.023
0.000169835 0.0232
0.000166927 0.0234
0.000164031 0.0236
0.000161164 0.0238
0.00015834 0.024
0.000155581 0.0242
0.000152912 0.0244
0.000150361 0.0246
0.000147963 0.0248
0.000145749 0.025
0.000143746 0.0252
0.00014197 0.0254
0.000140422 0.0256
0.000139085 0.0258
0.000137922 0.026
0.00013688 0.0262
0.000135889 0.0264
0.000134872 0.0266
0.000133749 0.0268
0.000132449 0.027
0.000130913 0.0272
0.000129105 0.0274
0.000127013 0.0276
0.000124651 0.0278
0.000122062 0.028
0.000119307 0.0282
0.000116463 0.0284
0.000113615 0.0286
0.000110844 0.0288
0.000108221 0.029
0.0001058 0.0292
0.000103612 0.0294
0.000101664 0.0296
9.99399e-05 0.0298
9.84006e-05 0.03
9.69935e-05 0.0302
9.56562e-05 0.0304
9.43249e-05 0.0306
9.29401e-05 0.0308
9.14527e-05 0.031
8.98281e-05 0.0312
8.80475e-05 0.0314
8.61084e-05 0.0316
8.40231e-05 0.0318
8.18152e-05 0.032
7.95161e-05 0.0322
7.71615e-05 0.0324
7.47871e-05 0.0326
7.24261e-05 0.0328
7.0107e-05 0.033
6.78521e-05 0.0332
6.56776e-05 0.0334
6.35932e-05 0.0336
6.1603e-05 0.0338
5.97055e-05 0.034
5.78947e-05 0.0342
5.61598e-05 0.0344
5.44857e-05 0.0346
5.28531e-05 0.0348
5.12391e-05 0.035
4.96182e-05 0.0352
4.79633e-05 0.0354
4.62485e-05 0.0356
4.4451e-05 0.0358
4.25545e-05 0.036
4.05515e-05 0.0362
3.84458e-05 0.0364
3.62534e-05 0.0366
3.40026e-05 0.0368
3.17324e-05 0.037
2.94894e-05 0.0372
2.73234e-05 0.0374
2.5282e-05 0.0376
2.34057e-05 0.0378
2.17228e-05 0.038
2.02458e-05 0.0382
1.89697e-05 0.0384
1.78726e-05 0.0386
1.69182e-05 0.0388
1.60612e-05 0.039
1.52531e-05 0.0392
1.445e-05 0.0394
1.36195e-05 0.0396
1.27468e-05 0.0398
1.18384e-05 0.04
1.09237e-05 0.0402
1.00534e-05 0.0404
9.29486e-06 0.0406
8.72536e-06 0.0408
8.42353e-06 0.041
8.46036e-06 0.0412
8.89073e-06 0.0414
9.74673e-06 0.0416
1.10336e-05 0.0418
1.27286e-05 0.042
1.47839e-05 0.0422
1.71316e-05 0.0424
1.96918e-05 0.0426
2.23816e-05 0.0428
2.51247e-05 0.043
2.78589e-05 0.0432
3.05428e-05 0.0434
3.31581e-05 0.0436
3.57094e-05 0.0438
3.82203e-05 0.044
4.07271e-05 0.0442
4.32703e-05 0.0444
4.5886e-05 0.0446
4.85973e-05 0.0448
5.14083e-05 0.045
5.43005e-05 0.0452
5.72325e-05 0.0454
6.01439e-05 0.0456
6.29612e-05 0.0458
6.56068e-05 0.046
6.80092e-05 0.0462
7.0112e-05 0.0464
7.18827e-05 0.0466
7.3318e-05 0.0468
7.44458e-05 0.047
7.53239e-05 0.0472
7.60345e-05 0.0474
7.66759e-05 0.0476
7.73529e-05 0.0478
7.81653e-05 0.048
7.91981e-05 0.0482
8.05127e-05 0.0484
8.2142e-05 0.0486
8.40879e-05 0.0488
8.63229e-05 0.049
8.87949e-05 0.0492
9.14348e-05 0.0494
9.41651e-05 0.0496
9.69089e-05 0.0498
9.95988e-05 0.05
0.000102183 0.0502
0.000104629 0.0504
0.000106925 0.0506
0.000109079 0.0508
0.000111111 0.051
0.000113054 0.0512
0.000114939 0.0514
0.000116796 0.0516
0.000118647 0.0518
0.000120502 0.052
0.000122359 0.0522
0.000124208 0.0524
0.000126029 0.0526
0.000127805 0.0528
0.000129518 0.053
0.000131161 0.0532
0.000132738 0.0534
0.000134266 0.0536
0.000135774 0.0538
0.000137303 0.054
0.000138897 0.0542
0.000140599 0.0544
0.000142447 0.0546
0.000144465 0.0548
0.000146659 0.055
0.000149015 0.0552
0.000151501 0.0554
0.000154067 0.0556
0.000156648 0.0558
0.000159176 0.056
0.000161583 0.0562
0.000163809 0.0564
0.000165811 0.0566
0.000167564 0.0568
0.00016907 0.057
0.000170349 0.0572
0.000171444 0.0574
0.000172414 0.0576
0.000173325 0.0578
0.000174243 0.058
0.000175229 0.0582
0.000176329 0.0584
0.000177572 0.0586
0.000178963 0.0588
0.000180482 0.059
0.000182093 0.0592
0.000183736 0.0594
0.000185344 0.0596
0.000186843 0.0598
0.000188159 0.06
0.000189227 0.0602
0.000189995 0.0604
0.00019043 0.0606
0.000190513 0.0608
0.000190249 0.061
0.000189656 0.0612
0.000188768 0.0614
0.000187626 0.0616
0.000186277 0.0618
0.000184767 0.062
0.000183137 0.0622
0.000181417 0.0624
0.00017963 0.0626
0.000177786 0.0628
0.000175885 0.063
0.000173915 0.0632
0.00017186 0.0634
0.000169701 0.0636
0.000167416 0.0638
0.00016499 0.064
0.000162411 0.0642
0.00015968 0.0644
0.000156803 0.0646
0.000153801 0.0648
0.000150702 0.065
0.000147542 0.0652
0.000144367 0.0654
0.000141222 0.0656
0.000138155 0.0658
0.000135212 0.066
0.000132432 0.0662
0.000129849 0.0664
0.000127483 0.0666
0.000125349 0.0668
0.000123447 0.067
0.000121768 0.0672
0.000120292 0.0674
0.000118991 0.0676
0.00011783 0.0678
0.00011677 0.068
0.000115769 0.0682
0.000114783 0.0684
0.000113773 0.0686
0.000112701 0.0688
0.000111533 0.069
0.000110241 0.0692
0.000108807 0.0694
0.000107215 0.0696
0.000105462 0.0698
0.000103548 0.07
0.000101483 0.0702
9.92821e-05 0.0704
9.69671e-05 0.0706
9.45636e-05 0.0708
9.21002e-05 0.071
8.9607e-05 0.0712
8.71135e-05 0.0714
8.46469e-05 0.0716
8.22305e-05 0.0718
7.98827e-05 0.072
7.76155e-05 0.0722
7.54348e-05 0.0724
7.33403e-05 0.0726
7.13269e-05 0.0728
6.93854e-05 0.073
6.75047e-05 0.0732
6.56738e-05 0.0734
6.38831e-05 0.0736
6.2126e-05 0.0738
6.03995e-05 0.074
5.87045e-05 0.0742
5.70444e-05 0.0744
5.5424e-05 0.0746
5.38473e-05 0.0748
5.2315e-05 0.075
5.08229e-05 0.0752
4.93598e-05 0.0754
4.79072e-05 0.0756
4.64397e-05 0.0758
4.49268e-05 0.076
4.33358e-05 0.0762
4.1636e-05 0.0764
3.9803e-05 0.0766
3.78231e-05 0.0768
3.56972e-05 0.077
3.34433e-05 0.0772
3.10971e-05 0.0774
2.87112e-05 0.0776
2.6351e-05 0.0778
2.40902e-05 0.078
2.20035e-05 0.0782
2.01592e-05 0.0784
1.86124e-05 0.0786
1.73981e-05 0.0788
1.65272e-05 0.079
1.59843e-05 0.0792
1.57292e-05 0.0794
1.57002e-05 0.0796
1.58214e-05 0.0798
1.60106e-05 0.08
1.61889e-05 0.0802
1.62905e-05 0.0804
1.62702e-05 0.0806
1.61098e-05 0.0808
1.58208e-05 0.081
1.54438e-05 0.0812
1.50447e-05 0.0814
1.47076e-05 0.0816
1.45256e-05 0.0818
1.45907e-05 0.082
1.49839e-05 0.0822
1.57657e-05 0.0824
1.69705e-05 0.0826
1.86029e-05 0.0828
2.06381e-05 0.083
2.30255e-05 0.0832
2.56951e-05 0.0834
2.8566e-05 0.0836
3.15556e-05 0.0838
3.45886e-05 0.084
3.76041e-05 0.0842
4.05608e-05 0.0844
4.34389e-05 0.0846
4.62387e-05 0.0848
4.89771e-05 0.085
5.16807e-05 0.0852
5.43796e-05 0.0854
5.70989e-05 0.0856
5.98534e-05 0.0858
6.26428e-05 0.086
6.545e-05 0.0862
6.82426e-05 0.0864
7.09763e-05 0.0866
7.3601e-05 0.0868
7.60679e-05 0.087
7.83366e-05 0.0872
8.0381e-05 0.0874
8.21942e-05 0.0876
8.37896e-05 0.0878
8.52003e-05 0.088
8.64747e-05 0.0882
8.76711e-05 0.0884
8.88496e-05 0.0886
9.00649e-05 0.0888
9.13596e-05 0.089
9.27589e-05 0.0892
9.42682e-05 0.0894
9.58741e-05 0.0896
9.75474e-05 0.0898
9.92491e-05 0.09
0.000100938 0.0902
0.000102577 0.0904
0.000104144 0.0906
0.000105632 0.0908
0.000107057 0.091
0.000108454 0.0912
0.000109874 0.0914
0.000111379 0.0916
0.000113035 0.0918
0.000114898 0.092
0.00011701 0.0922
0.000119391 0.0924
0.000122033 0.0926
0.000124898 0.0928
0.000127924 0.093
0.000131028 0.0932
0.000134114 0.0934
0.000137083 0.0936
0.000139845 0.0938
0.000142328 0.094
0.000144484 0.0942
0.000146294 0.0944
0.000147772 0.0946
0.00014896 0.0948
0.000149922 0.095
0.000150742 0.0952
0.000151506 0.0954
0.000152301 0.0956
0.000153202 0.0958
0.000154265 0.096
0.000155526 0.0962
0.000156995 0.0964
0.000158661 0.0966
0.000160496 0.0968
0.000162456 0.097
0.00016449 0.0972
0.000166547 0.0974
0.000168579 0.0976
0.000170546 0.0978
0.000172421 0.098
0.000174184 0.0982
0.000175827 0.0984
0.000177348 0.0986
0.000178751 0.0988
0.00018004 0.099
0.000181219 0.0992
0.000182286 0.0994
0.000183238 0.0996
0.000184065 0.0998
0.000184759 0.1
0.000185305 0.1002
