0.006 4.51108
0.012 8.71326
0.018 12.889
0.024 17.0379
0.03 21.1594
0.036 25.2531
0.042 29.3184
0.048 33.3549
0.054 37.3621
0.06 41.3394
0.066 45.2864
0.072 49.2025
0.078 53.0872
0.084 56.94
0.09 60.7604
0.096 64.5478
0.102 68.3017
0.108 72.0216
0.114 75.7068
0.12 79.3568
0.126 82.9711
0.132 86.5491
0.138 90.0903
0.144 93.5939
0.15 97.0596
0.156 100.487
0.162 103.875
0.168 107.223
0.174 110.53
0.18 113.797
0.186 117.022
0.192 120.205
0.198 123.345
0.204 126.442
0.21 129.494
0.216 132.502
0.222 135.465
0.228 138.382
0.234 141.252
0.24 144.075
0.246 146.851
0.252 149.578
0.258 152.256
0.264 154.884
0.27 157.462
0.276 159.989
0.282 162.464
0.288 164.887
0.294 167.257
0.3 169.574
0.306 171.837
0.312 174.045
0.318 176.197
0.324 178.294
0.33 180.333
0.336 182.316
0.342 184.241
0.348 186.107
0.354 187.914
0.36 189.661
0.366 191.348
0.372 192.975
0.378 194.539
0.384 196.042
0.39 197.482
0.396 198.859
0.402 200.172
0.408 201.42
0.414 202.604
0.42 203.722
0.426 204.775
0.432 205.761
0.438 206.679
0.444 207.531
0.45 208.315
0.456 209.03
0.462 209.676
0.468 210.253
0.474 210.76
0.48 211.198
0.486 211.564
0.492 211.86
0.498 212.085
0.504 212.238
0.51 212.319
0.516 212.328
0.522 212.264
0.528 212.127
0.534 211.918
0.54 211.635
0.546 211.279
0.552 210.849
0.558 210.346
0.564 209.768
0.57 209.117
0.576 208.391
0.582 207.591
0.588 206.717
0.594 205.769
0.6 204.747
0.606 203.651
0.612 202.48
0.618 201.236
0.624 199.918
0.63 198.527
0.636 197.062
0.642 195.523
0.648 193.912
0.654 192.229
0.66 190.473
0.666 188.645
0.672 186.746
0.678 184.776
0.684 182.735
0.69 180.624
0.696 178.443
0.702 176.193
0.708 173.875
0.714 171.49
0.72 169.037
0.726 166.518
0.732 163.933
0.738 161.283
0.744 158.57
0.75 155.793
0.756 152.954
0.762 150.053
0.768 147.092
0.774 144.072
0.78 140.993
0.786 137.858
0.792 134.665
0.798 131.418
0.804 128.117
0.81 124.763
0.816 121.358
0.822 117.903
0.828 114.398
0.834 110.846
0.84 107.248
0.846 103.605
0.852 99.9187
0.858 96.1903
0.864 92.4215
0.87 88.6137
0.876 84.7685
0.882 80.8873
0.888 76.9719
0.894 73.0237
0.9 69.0444
0.906 65.0358
0.912 60.9993
0.918 56.9368
0.924 52.8498
0.93 48.7403
0.936 44.6098
0.942 40.4601
0.948 36.293
0.954 32.1103
0.96 27.9138
0.966 23.7053
0.972 19.4865
0.978 15.2593
0.984 11.0255
0.99 6.78699
0.996 2.54553
1.002 -1.69704
1.008 -5.93887
1.014 -10.1781
1.02 -14.413
1.026 -18.6417
1.032 -22.8623
1.038 -27.073
1.044 -31.2721
1.05 -35.4577
1.056 -39.628
1.062 -43.7813
1.068 -47.9158
1.074 -52.0297
1.08 -56.1213
1.086 -60.1888
1.092 -64.2306
1.098 -68.245
1.104 -72.2303
1.11 -76.1848
1.116 -80.1069
1.122 -83.995
1.128 -87.8476
1.134 -91.663
1.14 -95.4398
1.146 -99.1763
1.152 -102.871
1.158 -106.523
1.164 -110.13
1.17 -113.692
1.176 -117.206
1.182 -120.671
1.188 -124.086
1.194 -127.451
1.2 -130.762
1.206 -134.02
1.212 -137.224
1.218 -140.371
1.224 -143.461
1.23 -146.493
1.236 -149.466
1.242 -152.378
1.248 -155.23
1.254 -158.019
1.26 -160.746
1.266 -163.408
1.272 -166.006
1.278 -168.538
1.284 -171.004
1.29 -173.404
1.296 -175.735
1.302 -177.999
1.308 -180.193
1.314 -182.318
1.32 -184.373
1.326 -186.358
1.332 -188.271
1.338 -190.113
1.344 -191.883
1.35 -193.582
1.356 -195.207
1.362 -196.76
1.368 -198.239
1.374 -199.646
1.38 -200.979
1.386 -202.238
1.392 -203.423
1.398 -204.534
1.404 -205.571
1.41 -206.534
1.416 -207.423
1.422 -208.237
1.428 -208.978
1.434 -209.644
1.44 -210.236
1.446 -210.754
1.452 -211.199
1.458 -211.57
1.464 -211.867
1.47 -212.091
1.476 -212.242
1.482 -212.321
1.488 -212.326
1.494 -212.26
1.5 -212.121
1.506 -211.911
1.512 -211.629
1.518 -211.277
1.524 -210.854
1.53 -210.36
1.536 -209.797
1.542 -209.165
1.548 -208.463
1.554 -207.693
1.56 -206.855
1.566 -205.95
1.572 -204.977
1.578 -203.938
1.584 -202.833
1.59 -201.662
1.596 -200.426
1.602 -199.126
1.608 -197.762
1.614 -196.335
1.62 -194.845
1.626 -193.293
1.632 -191.679
1.638 -190.004
1.644 -188.268
1.65 -186.473
1.656 -184.619
1.662 -182.706
1.668 -180.734
1.674 -178.706
1.68 -176.621
1.686 -174.479
1.692 -172.283
1.698 -170.031
1.704 -167.725
1.71 -165.365
1.716 -162.953
1.722 -160.488
1.728 -157.971
1.734 -155.403
1.74 -152.785
1.746 -150.117
1.752 -147.4
1.758 -144.634
1.764 -141.821
1.77 -138.96
1.776 -136.052
1.782 -133.099
1.788 -130.1
1.794 -127.056
1.8 -123.968
1.806 -120.836
1.812 -117.662
1.818 -114.445
1.824 -111.187
1.83 -107.887
1.836 -104.547
1.842 -101.167
1.848 -97.7481
1.854 -94.2901
1.86 -90.794
1.866 -87.2603
1.872 -83.6896
1.878 -80.0826
1.884 -76.4396
1.89 -72.7614
1.896 -69.0484
1.902 -65.3013
1.908 -61.5206
1.914 -57.7067
1.92 -53.8604
1.926 -49.982
1.932 -46.0721
1.938 -42.1312
1.944 -38.1599
1.95 -34.1587
1.956 -30.128
1.962 -26.0684
1.968 -21.9804
1.974 -17.8644
1.98 -13.721
1.986 -9.55054
1.992 -5.35361
1.998 -1.13064
2.004 3.11792
2.01 7.39159
2.016 11.6899
2.022 16.0125
2.028 20.3589
2.034 24.7286
2.04 29.1212
2.046 33.5363
2.052 37.9735
2.058 42.4323
2.064 46.9125
2.07 51.4134
2.076 55.9348
2.082 60.4763
2.088 65.0375
2.094 69.618
2.1 74.2173
2.106 78.8353
2.112 83.4714
2.118 88.1253
2.124 92.7967
2.13 97.4853
2.136 102.191
2.142 106.912
2.148 111.65
2.154 116.404
2.16 121.173
2.166 125.957
2.172 130.756
2.178 135.569
2.184 140.397
2.19 145.239
2.196 150.094
2.202 154.962
2.208 159.844
2.214 164.738
2.22 169.644
2.226 174.563
2.232 179.494
2.238 184.436
2.244 189.39
2.25 194.354
2.256 199.33
2.262 204.316
2.268 209.313
2.274 214.32
2.28 219.336
2.286 224.362
2.292 229.398
2.298 234.443
2.304 239.497
2.31 244.559
2.316 249.63
2.322 254.71
2.328 259.797
2.334 264.893
2.34 269.996
2.346 275.107
2.352 280.225
2.358 285.35
2.364 290.482
2.37 295.621
2.376 300.766
2.382 305.918
2.388 311.076
2.394 316.24
2.4 321.409
2.406 326.585
2.412 331.766
2.418 336.953
2.424 342.144
2.43 347.341
2.436 352.543
2.442 357.749
2.448 362.96
2.454 368.176
2.46 373.396
2.466 378.62
2.472 383.848
2.478 389.08
2.484 394.316
2.49 399.556
2.496 404.799
2.502 410.045
2.508 415.295
2.514 420.548
2.52 425.804
2.526 431.063
2.532 436.325
2.538 441.589
2.544 446.856
2.55 452.126
2.556 457.398
2.562 462.672
2.568 467.948
2.574 473.227
2.58 478.507
2.586 483.789
2.592 489.074
2.598 494.359
2.604 499.647
2.61 504.936
2.616 510.226
2.622 515.518
2.628 520.811
2.634 526.105
2.64 531.401
2.646 536.697
2.652 541.994
2.658 547.293
2.664 552.592
2.67 557.891
2.676 563.192
2.682 568.493
2.688 573.794
2.694 579.096
2.7 584.398
2.706 589.701
2.712 595.004
2.718 600.307
2.724 605.61
2.73 610.913
2.736 616.217
2.742 621.52
2.748 626.823
2.754 632.126
2.76 637.429
2.766 642.731
2.772 648.034
2.778 653.335
2.784 658.637
2.79 663.938
2.796 669.238
2.802 674.538
2.808 679.838
2.814 685.137
2.82 690.435
2.826 695.732
2.832 701.028
2.838 706.324
2.844 711.619
2.85 716.913
2.856 722.206
2.862 727.498
2.868 732.789
2.874 738.08
2.88 743.369
2.886 748.657
2.892 753.943
2.898 759.229
2.904 764.513
2.91 769.797
2.916 775.079
2.922 780.359
2.928 785.639
2.934 790.917
2.94 796.193
2.946 801.469
2.952 806.742
2.958 812.015
2.964 817.286
2.97 822.555
2.976 827.823
2.982 833.089
2.988 838.354
2.994 843.617
3 848.879
3.006 854.139
