-0.00110225 0.3377
-7.36336e-05 0.6754
-0.000951773 1.0131
-0.000276144 1.3508
-0.000695119 1.6885
-0.000555574 2.0262
-0.000405596 2.3639
-0.000837042 2.7016
-0.000162356 3.0393
-0.00104158 3.377
-2.88218e-05 3.7147
-0.00110974 4.0524
-3.85048e-05 4.3901
-0.00102148 4.7278
-0.000188835 5.0655
-0.000803228 5.4032
-0.000441588 5.7409
-0.000518606 6.0786
-0.000730085 6.4163
-0.000247369 6.754
-0.000974546 7.0917
-6.20654e-05 7.4294
-0.00110438 7.7671
-1.02948e-05 8.1048
-0.00108085 8.4425
-0.000105237 8.7802
-0.000910576 9.1179
-0.000323388 9.4556
-0.000643171 9.7933
-0.000608739 10.131
-0.000354293 10.4687
-0.000884578 10.8064
-0.000122138 11.1441
-0.00107332 11.4818
-6.67171e-06 11.8195
-0.00112016 12.1572
-3.65962e-05 12.4949
-0.00101159 12.8326
-0.000204162 13.1703
-0.000780191 13.508
-0.000466479 13.8457
-0.000493211 14.1834
-0.000753806 14.5211
-0.00023063 14.8588
-0.000986094 15.1965
-6.22572e-05 15.5342
-0.00109589 15.8719
-3.11498e-05 16.2096
-0.00105032 16.5473
-0.000145289 16.885
-0.000862609 17.2227
-0.000376226 17.5604
-0.00058741 17.8981
-0.000664219 18.2358
-0.000302291 18.5735
-0.000931187 18.9112
-8.40849e-05 19.2489
-0.00110143 19.5866
1.09971e-05 19.9243
-0.00112514 20.262
-4.07672e-05 20.5997
-0.000995385 20.9374
-0.000226394 21.2751
-0.000750615 21.6128
-0.00049843 21.9505
-0.000461245 22.2882
-0.000784386 22.6259
-0.000207043 22.9636
-0.00100444 23.3013
-5.48145e-05 23.639
-0.0010948 23.9767
-4.30048e-05 24.3144
-0.00102874 24.6521
-0.000174447 24.9898
-0.000826054 25.3275
-0.000415881 25.6652
-0.000546017 26.0029
-0.000704067 26.3406
-0.00026756 26.6783
-0.000959908 27.016
-6.56499e-05 27.3537
-0.00110998 27.6914
7.5974e-06 28.0291
-0.00110974 28.3668
-6.6404e-05 28.7045
-0.000958876 29.0422
-0.000269464 29.3799
-0.000701427 29.7176
-0.000549798 30.0553
-0.000410601 30.393
-0.000832623 30.7307
-0.000165612 31.0684
-0.00103894 31.4061
-3.0069e-05 31.7438
-0.00110913 32.0815
-3.77324e-05 32.4192
-0.00102288 32.7569
-0.000186282 33.0946
-0.000806339 33.4323
-0.000437699 33.77
-0.000522936 34.1077
-0.000725424 34.4454
-0.000252364 34.7831
-0.00096966 35.1208
-6.72405e-05 35.4585
-0.00109965 35.7962
-1.53255e-05 36.1339
-0.00107641 36.4716
-0.000110015 36.8093
-0.000906241 37.147
-0.000328041 37.4847
-0.000638565 37.8224
-0.000613601 38.1601
-0.000348977 38.4978
-0.000890096 38.8355
-0.000115769 39.1732
-0.00107991 39.5109
9.07722e-07 39.8486
-0.00112802 40.1863
-2.78714e-05 40.524
-0.00102063 40.8617
-0.000194568 41.1994
-0.000790036 41.5371
-0.00045646 41.8748
-0.000503301 42.2125
-0.000743896 42.5502
-0.00024038 42.8879
-0.000976806 43.2256
-7.11992e-05 43.5633
-0.00108758 43.901
-3.90301e-05 44.2387
-0.0010431 44.5764
-0.000152113 44.9141
-0.000856314 45.2518
-0.00038225 45.5895
-0.000581681 45.9272
-0.000669889 46.2649
-0.000296695 46.6026
-0.000937007 46.9403
-7.82458e-05 47.278
-0.0011078 47.6157
1.73174e-05 47.9534
-0.00113218 48.2911
-3.39088e-05 48.6288
-0.00100293 48.9665
-0.000219136 49.3042
-0.000758202 49.6419
-0.000491096 49.9796
-0.000468316 50.3173
-0.000777426 50.655
-0.000213101 50.9927
-0.000998333 51.3304
-5.95633e-05 51.6681
-0.00108989 52.0058
-4.64173e-05 52.3435
-0.00102517 52.6812
-0.000176766 53.0189
-0.000823658 53.3566
-0.000417565 53.6943
-0.00054441 54.032
-0.00070569 54.3697
-0.000266237 54.7074
-0.000962009 55.0451
-6.4108e-05 55.3828
-0.00111291 55.7205
9.75651e-06 56.0582
-0.00111353 56.3959
-6.34078e-05 56.7336
-0.000963265 57.0713
-0.000265637 57.409
-0.000705938 57.7467
-0.000545385 58.0844
-0.00041473 58.4221
-0.00082805 58.7598
-0.000168993 59.0975
-0.00103469 59.4352
-3.25828e-05 59.7729
-0.00110558 60.1106
-3.95313e-05 60.4483
-0.00102013 60.786
-0.000187752 61.1237
-0.000804217 61.4614
-0.000439383 61.7991
-0.00052099 62.1368
-0.000727908 62.4745
-0.000250015 62.8122
-0.00097344 63.1499
-6.39191e-05 63.4876
-0.001105 63.8253
-1.05918e-05 64.163
-0.0010833 64.5007
-0.000103651 64.8384
-0.000914365 65.1761
-0.000320097 65.5138
-0.000647454 65.8515
-0.000604394 66.1892
-0.000358166 66.5269
-0.000880121 66.8646
-0.000124936 67.2023
-0.00106968 67.54
-8.13276e-06 67.8777
-0.0011179 68.2154
-3.69113e-05 68.5531
-0.00101068 68.8908
-0.000203924 69.2285
-0.000779996 69.5662
-0.000466581 69.9039
-0.000492693 70.2416
-0.000755271 70.5793
-0.000228648 70.917
-0.000989851 71.2547
-5.78689e-05 71.5924
-0.00110251 71.9301
-2.38246e-05 72.2678
-0.00105988 72.6055
-0.000135017 72.9432
-0.000874633 73.2809
-0.000363524 73.6186
-0.000601066 73.9563
-0.000650015 74.294
-0.000316646 74.6317
-0.000916574 74.9694
-9.83556e-05 75.3071
-0.00108733 75.6448
-2.70832e-06 75.9825
-0.00111196 76.3202
-5.3801e-05 76.6579
-0.000982937 76.9956
-0.000239036 77.3333
-0.000738133 77.671
-0.000511306 78.0087
-0.000447706 78.3464
-0.000798344 78.6841
-0.000191507 79.0218
-0.00102033 79.3595
-3.67017e-05 79.6972
-0.0011132 80.0349
-2.2246e-05 80.3726
-0.00104973 80.7103
-0.000151502 81.048
-0.000849176 81.3857
-0.000391653 81.7234
-0.000570379 82.0611
-0.00067972 82.3988
-0.000292083 82.7365
-0.000936589 83.0742
-8.93143e-05 83.4119
-0.0010885 83.7496
-1.44422e-05 84.0873
-0.00109035 84.425
-8.64356e-05 84.7627
-0.000941189 85.1004
-0.000287557 85.4381
-0.000684633 85.7758
-0.00056647 86.1135
-0.000393767 86.4512
-0.000848703 86.7889
-0.000148016 87.1266
-0.00105531 87.4643
-1.14181e-05 87.802
-0.00112639 88.1397
-1.82339e-05 88.4774
-0.00104111 88.8151
-0.000166601 89.1528
-0.00082502 89.4905
-0.000418836 89.8282
-0.000541089 90.1659
-0.000708525 90.5036
-0.000268819 90.8413
-0.000955762 91.179
-8.0921e-05 91.5167
-0.00108941 91.8544
-2.54721e-05 92.1921
-0.00106992 92.5298
-0.000116332 92.8675
-0.000903031 93.2052
-0.000330757 93.5429
-0.000637791 93.8806
-0.000613419 94.2183
-0.000349725 94.556
-0.000888005 94.8937
-0.000117327 95.2314
-0.00107686 95.5691
-1.12342e-06 95.9068
-0.00112461 96.2445
-3.04656e-05 96.5822
-0.00101686 96.9199
-0.000198209 97.2576
-0.000785304 97.5953
-0.000461941 97.933
-0.000496615 98.2707
-0.000752166 98.6084
-0.00023068 98.9461
-0.000988738 99.2838
-5.76519e-05 99.6215
-0.00110371 99.9592
-2.12307e-05 100.297
-0.00106345 100.635
-0.000130177 100.972
-0.000880366 101.31
-0.000356801 101.648
-0.000608517 101.985
-0.000641936 102.323
-0.000325282 102.661
-0.000907707 102.998
-0.00010768 103.336
-0.00107813 103.674
-1.23618e-05 104.012
-0.00110265 104.349
-6.36212e-05 104.687
-0.00097341 105.025
-0.000249083 105.362
-0.000728061 105.7
-0.00052185 106.038
-0.000436647 106.375
-0.000809795 106.713
-0.000179071 107.051
-0.00103311 107.389
-2.2674e-05 107.726
-0.00112758 108.064
-6.63966e-06 108.402
-0.00106572 108.739
-0.000134561 109.077
-0.000866478 109.415
-0.000373815 109.752
-0.000588474 110.09
-0.000661542 110.428
-0.000310367 110.766
-0.000918634 111.103
-0.000107245 111.441
-0.0010712 111.779
-3.16524e-05 112.116
-0.00107389 112.454
-0.000102792 112.792
-0.00092549 113.129
-0.00030318 113.467
-0.000669375 113.805
-0.000581697 114.143
-0.000378541 114.48
-0.000863993 114.818
-0.000132456 115.156
-0.00107109 115.493
4.69958e-06 115.831
-0.00114288 116.169
-1.52411e-06 116.506
-0.00105823 116.844
-0.000149464 117.182
-0.000842399 117.52
-0.000401621 117.857
-0.000558166 118.195
-0.00069171 118.533
-0.000285021 118.87
-0.00093986 119.208
-9.58133e-05 119.546
-0.00107483 119.883
-3.88569e-05 120.221
-0.00105684 120.559
-0.000128282 120.897
-0.000891379 121.234
-0.00034159 121.572
-0.000627236 121.91
-0.000623624 122.247
-0.000339811 122.585
-0.000898114 122.923
-0.000107598 123.26
-0.00108729 123.598
8.78255e-06 123.936
-0.00113553 124.274
-2.01857e-05 124.611
-0.0010281 124.949
-0.000187567 125.287
-0.000796443 125.624
-0.000451168 125.962
-0.000507132 126.3
-0.000741676 126.637
-0.000240113 126.975
-0.000979017 127.313
-6.5746e-05 127.651
-0.00109516 127.988
-2.79966e-05 128.326
-0.00105625 128.664
-0.000135881 129.001
-0.00087438 129.339
-0.000361909 129.677
-0.000603367 130.014
-0.000647014 130.352
-0.000320427 130.69
-0.000913294 131.028
-0.000102563 131.365
-0.0010846 131.703
-6.52669e-06 132.041
-0.00111011 132.378
-5.6806e-05 132.716
-0.000981664 133.054
-0.000241277 133.391
-0.0007367 133.729
-0.000513301 134.067
-0.0004452 134.405
-0.000800952 134.742
-0.000187157 135.08
-0.00102448 135.418
-3.0114e-05 135.755
-0.00111953 136.093
-1.34871e-05 136.431
-0.00105838 136.768
-0.00014108 137.106
-0.000859625 137.444
-0.000380426 137.782
-0.000581648 138.119
-0.000668745 138.457
-0.000302997 138.795
-0.000926904 139.132
-9.88036e-05 139.47
-0.00108088 139.808
-2.17831e-05 140.145
-0.00108506 140.483
-9.13889e-05 140.821
-0.000937984 141.159
-0.000290415 141.496
-0.000682814 141.834
-0.000567986 142.172
-0.000392462 142.509
-0.000849889 142.847
-0.000146439 143.185
-0.00105711 143.523
-9.06306e-06 143.86
-0.00112934 144.198
-1.49617e-05 144.536
-0.00104512 144.873
-0.000162657 145.211
-0.000829405 145.549
-0.00041482 145.886
-0.000544793 146.224
-0.000705295 146.562
-0.000270765 146.9
-0.000954251 147.237
-8.03202e-05 147.575
-0.00109037 147.913
-2.20197e-05 148.25
-0.00107366 148.588
-0.000110271 148.926
-0.000909354 149.263
-0.000322826 149.601
-0.000645992 149.939
-0.000604695 150.277
-0.000358833 150.614
-0.000879638 150.952
-0.000126345 151.29
-0.00106975 151.627
-9.2362e-06 151.965
-0.0011191 152.303
-3.71826e-05 152.64
-0.00101266 152.978
-0.000203456 153.316
-0.000781591 153.654
-0.000466092 153.991
-0.000492383 154.329
-0.000755973 154.667
-0.000225069 155.004
-0.000993127 155.342
-5.0224e-05 155.68
-0.00110947 156.017
-1.20828e-05 156.355
-0.00107094 156.693
-0.000119916 157.031
-0.000889351 157.368
-0.000346424 157.706
-0.00061822 158.044
-0.000632632 158.381
-0.000334595 158.719
-0.000900586 159.057
-0.000115442 159.394
-0.00107394 159.732
-1.76092e-05 160.07
-0.00110156 160.408
-6.57768e-05 160.745
-0.000975 161.083
-0.000248073 161.421
-0.000731469 161.758
-0.000518129 162.096
-0.000440914 162.434
-0.000804233 162.771
-0.000183446 163.109
-0.00102673 163.447
-2.68204e-05 163.785
-0.00112119 164.122
-1.06958e-05 164.46
-0.00105964 164.798
-0.000139091 165.135
-0.00086037 165.473
-0.000379696 165.811
-0.00058148 166.148
-0.000669799 166.486
-0.000301372 166.824
-0.000930205 167.162
-9.51962e-05 167.499
-0.00108669 167.837
-1.58125e-05 168.175
-0.00109338 168.512
-8.29075e-05 168.85
-0.00094849 169.188
-0.000279542 169.525
-0.000695014 169.863
-0.000555095 170.201
-0.000405817 170.539
-0.000835525 170.876
-0.00016051 171.214
-0.00104186 171.552
-2.35917e-05 171.889
-0.00111365 172.227
-2.99074e-05 172.565
-0.00102917 172.902
-0.000178186 173.24
-0.000813061 173.578
-0.00043127 173.916
-0.000527691 174.253
-0.000723089 174.591
-0.000252452 174.929
-0.000973775 175.266
-6.04112e-05 175.604
-0.00111182 175.942
-3.08313e-07 176.279
-0.00109697 176.617
-8.67837e-05 176.955
-0.000934148 177.293
-0.000297832 177.63
-0.00067171 177.968
-0.000578671 178.306
-0.000384867 178.643
-0.000853185 178.981
-0.000152183 179.319
-0.00104346 179.656
-3.45543e-05 179.994
-0.0010934 180.332
-6.18886e-05 180.67
-0.000987703 181.007
-0.000227692 181.345
-0.000757251 181.683
-0.000490189 182.02
-0.000468316 182.358
-0.000780358 182.696
-0.000200873 183.033
-0.00101817 183.371
-2.55664e-05 183.709
-0.00113535 184.047
1.32086e-05 184.384
-0.0010975 184.722
-9.40242e-05 185.06
-0.000916162 185.397
-0.000320183 185.735
-0.000644678 186.073
-0.000606487 186.41
-0.000360085 186.748
-0.000875106 187.086
-0.000139494 187.424
-0.00104968 187.761
-3.99952e-05 188.099
-0.00107893 188.437
-8.65396e-05 188.774
-0.000954134 189.112
-0.000267502 189.45
-0.000712211 189.787
-0.000536685 190.125
-0.000422893 190.463
-0.000822424 190.801
-0.000166201 191.138
-0.00104495 191.476
-9.92712e-06 191.814
-0.00113956 192.151
6.14212e-06 192.489
-0.00107797 192.827
-0.000122209 193.164
-0.000878183 193.502
-0.000362906 193.84
-0.000598187 194.178
-0.000653466 194.515
-0.000316448 194.853
-0.000914851 195.191
-0.000108327 195.528
-0.00107285 195.866
-2.6972e-05 196.204
-0.00108142 196.541
-9.23472e-05 196.879
-0.000938506 197.217
-0.000287731 197.555
-0.000686779 197.892
-0.000562614 198.23
-0.000398865 198.568
-0.000842931 198.905
-0.000154266 199.243
-0.00104953 199.581
-1.75081e-05 199.918
-0.00112169 200.256
-2.35782e-05 200.594
-0.00103735 200.932
-0.000171436 201.269
-0.00082093 201.607
-0.000424201 201.945
-0.000534723 202.282
-0.000716068 202.62
-0.000258231 202.958
-0.000967325 203.295
-6.47497e-05 203.633
-0.00110645 203.971
-3.28705e-06 204.309
-0.00109299 204.646
-8.87224e-05 204.984
-0.000931528 205.322
-0.000299217 205.659
-0.000670122 205.997
-0.000580062 206.335
-0.000383757 206.672
-0.000855095 207.01
-0.000150936 207.348
-0.00104623 207.686
-3.26457e-05 208.023
-0.00109714 208.361
-5.8998e-05 208.699
-0.000992214 209.036
-0.000223775 209.374
-0.00076214 209.712
-0.000485492 210.049
-0.000473117 210.387
-0.000775357 210.725
-0.000205192 211.063
-0.00101343 211.4
-2.91766e-05 211.738
-0.0011313 212.076
1.03287e-05 212.413
-0.00109433 212.751
-9.63417e-05 213.089
-0.000913713 213.426
-0.00032226 213.764
-0.00064251 214.102
-0.000608743 214.44
-0.000357643 214.777
-0.000877977 215.115
-0.000136276 215.453
-0.00105351 215.79
-3.56883e-05 216.128
-0.00108386 216.466
-8.10964e-05 216.803
-0.000960051 217.141
-0.000261157 217.479
-0.00071878 217.817
-0.00052991 218.154
-0.000429646 218.492
-0.000815816 218.83
-0.000172658 219.167
-0.00103906 219.505
-1.56951e-05 219.843
-0.00113473 220.18
1.30288e-06 220.518
-0.00107421 220.856
-0.000126063 221.194
-0.000875193 221.531
-0.000365915 221.869
-0.000595487 222.207
-0.000655944 222.544
-0.000313556 222.882
-0.000917213 223.22
-0.000104924 223.557
-0.00107549 223.895
-2.29919e-05 224.233
-0.00108455 224.571
-8.79983e-05 224.908
-0.00094208 225.246
-0.000283458 225.584
-0.00069048 225.921
-0.000559013 226.259
-0.000402181 226.597
-0.000840616 226.934
-0.00015662 227.272
-0.00104897 227.61
-1.83831e-05 227.948
-0.00112308 228.285
-2.26161e-05 228.623
-0.00104056 228.961
-0.000168501 229.298
-0.000825574 229.636
-0.000419412 229.974
-0.0005403 230.311
-0.000709772 230.649
-0.000264316 230.987
-0.000960005 231.325
-7.11151e-05 231.662
-0.00109857 232
-9.95567e-06 232.338
-0.0010848 232.675
-9.59552e-05 233.013
-0.000923017 233.351
-0.000307461 233.688
-0.000660954 234.026
-0.000589861 234.364
-0.000373408 234.702
-0.000866971 235.039
-0.00013884 235.377
-0.00106054 235.715
-1.83361e-05 236.052
-0.00111396 236.39
-4.22148e-05 236.728
-0.00101133 237.065
-0.000204518 237.403
-0.000783095 237.741
-0.00046403 238.079
-0.000495388 238.416
-0.000752171 238.754
-0.000228321 239.092
-0.000989094 239.429
-5.2881e-05 239.767
-0.00110632 240.105
-1.38789e-05 240.442
-0.00106897 240.78
-0.000121191 241.118
-0.000887918 241.456
-0.000348064 241.793
-0.000615954 242.131
-0.000635923 242.469
-0.000329856 242.806
-0.00090695 243.144
-0.000106811 243.482
-0.00108455 243.819
-4.25621e-06 244.157
-0.00111699 244.495
-4.76418e-05 244.833
-0.000994989 245.17
-0.000225881 245.508
-0.000755038 245.846
-0.000493246 246.183
-0.000466637 246.521
-0.000778351 246.859
-0.000209846 247.196
-0.00100141 247.534
-5.26917e-05 247.872
-0.00109738 248.21
-3.5317e-05 248.547
-0.00103738 248.885
-0.000162341 249.223
-0.000838805 249.56
-0.000402085 249.898
-0.000559219 250.236
-0.000692378 250.573
-0.000277001 250.911
-0.000954298 251.249
-6.7738e-05 251.587
-0.00111347 251.924
1.49986e-05 252.262
-0.00112342 252.6
-4.92517e-05 252.937
-0.000981527 253.275
-0.000244229 253.613
-0.00072997 253.95
-0.000519768 254.288
-0.000441097 254.626
-0.000801941 254.964
-0.000194404 255.301
-0.00101145 255.639
-5.46551e-05 255.977
-0.00108714 256.314
-5.72269e-05 256.652
-0.00100637 256.99
-0.000201549 257.327
-0.000793009 257.665
-0.000451209 258.003
-0.000509018 258.341
-0.000740758 258.678
-0.000233893 259.016
-0.000990604 259.354
-4.11835e-05 259.691
-0.00112903 260.029
1.97036e-05 260.367
-0.0011151 260.704
-6.6548e-05 261.042
-0.000952823 261.38
-0.000278501 261.718
-0.000689734 262.055
-0.000561741 262.393
-0.000400591 262.731
-0.000840211 263.068
-0.000163971 263.406
-0.00103566 263.744
-4.11809e-05 264.081
-0.00109133 264.419
-6.27986e-05 264.757
-0.00099104 265.095
-0.000223112 265.432
-0.000764949 265.77
-0.000481088 266.108
-0.000478954 266.445
-0.000768227 266.783
-0.000213081 267.121
-0.00100461 267.458
-3.83595e-05 267.796
-0.00112157 268.134
2.53401e-07 268.472
-0.00108391 268.809
-0.000107329 269.147
-0.000902245 269.485
-0.000334598 269.822
-0.0006292 270.16
-0.000623202 270.498
-0.000341553 270.835
-0.000895459 271.173
-0.000116638 271.511
-0.00107476 271.849
-1.21157e-05 272.186
-0.00110917 272.524
-5.3676e-05 272.862
-0.000989124 273.199
-0.00023044 273.537
-0.000750792 273.875
-0.00049682 274.212
-0.00046347 274.55
-0.000781482 274.888
-0.000207162 275.226
-0.00100457 275.563
-4.99859e-05 275.901
-0.00110084 276.239
-3.22821e-05 276.576
-0.00104116 276.914
-0.000158927 277.252
-0.000842674 277.589
-0.00039851 277.927
-0.000562792 278.265
-0.000689071 278.603
-0.000279874 278.94
-0.000951765 279.278
-6.96051e-05 279.616
-0.00111212 279.953
1.42777e-05 280.291
-0.00112338 280.629
-4.88717e-05 280.966
-0.000982617 281.304
-0.000242971 281.642
-0.000731706 281.98
-0.000518004 282.317
-0.000442876 282.655
-0.000800138 282.993
-0.000195683 283.33
-0.00101007 283.668
-5.50873e-05 284.006
-0.00108652 284.343
-5.6743e-05 284.681
-0.00100663 285.019
-0.000200368 285.357
-0.00079401 285.694
-0.000449787 286.032
-0.000510417 286.37
-0.000739674 286.707
-0.000235243 287.045
-0.000990388 287.383
-4.20378e-05 287.72
-0.00112998 288.058
1.97004e-05 288.396
-0.00111717 288.734
-6.54976e-05 289.071
-0.000955634 289.409
-0.000276394 289.747
-0.000692707 290.084
-0.000558798 290.422
-0.000403157 290.76
-0.000836843 291.097
-0.000165754 291.435
-0.00103237 291.773
-4.21069e-05 292.111
-0.00108856 292.448
-6.31114e-05 292.786
-0.00098901 293.124
-0.000223319 293.461
-0.000763584 293.799
-0.000481852 294.137
-0.000477891 294.474
-0.000770205 294.812
-0.000211761 295.15
-0.00100828 295.488
-3.61609e-05 295.825
-0.00112708 296.163
3.88752e-06 296.501
-0.00109103 296.838
-0.000101879 297.176
-0.000910451 297.514
-0.000327216 297.851
-0.000637875 298.189
-0.000614075 298.527
-0.000350199 298.865
-0.000885044 299.202
-0.000125031 299.54
-0.00106365 299.878
-2.03655e-05 300.215
-0.0010979 300.553
-6.21876e-05 300.891
-0.000977969 301.228
-0.000239823 301.566
-0.000739682 301.904
-0.000507757 302.242
-0.000451999 302.579
-0.000794572 302.917
-0.000194711 303.255
-0.00102016 303.592
-3.58885e-05 303.93
-0.00111894 304.268
-1.59751e-05 304.605
-0.0010614 304.943
-0.000140078 305.281
-0.000864466 305.619
-0.0003771 305.956
-0.000585499 306.294
-0.000665411 306.632
-0.000303019 306.969
-0.000926434 307.307
-9.29841e-05 307.645
-0.00108579 307.982
-9.42958e-06 308.32
-0.00109663 308.658
-7.32501e-05 308.996
-0.000955705 309.333
-0.000268526 309.671
-0.000704538 310.009
-0.000545293 310.346
-0.000415046 310.684
-0.000829626 311.022
-0.000166626 311.359
-0.00104199 311.697
-2.42548e-05 312.035
-0.00112078 312.373
-2.37512e-05 312.71
-0.00104281 313.048
-0.000165092 313.386
-0.000831479 313.723
-0.00041241 314.061
-0.00054852 314.399
-0.000700671 314.736
-0.000273457 315.074
-0.000950433 315.412
-8.00781e-05 315.75
-0.00108978 316.087
-1.81378e-05 316.425
-0.00107726 316.763
-0.000103334 317.1
-0.000916222 317.438
-0.000314598 317.776
-0.000653676 318.113
-0.00059781 318.451
-0.00036413 318.789
-0.000877049 319.127
-0.000126262 319.464
-0.00107395 319.802
-1.74864e-06 320.14
-0.00113137 320.477
-2.16707e-05 320.815
-0.00103263 321.153
-0.000180827 321.49
-0.000807356 321.828
-0.000438609 322.166
-0.000521136 322.504
-0.000726753 322.841
-0.000253926 323.179
-0.000965306 323.517
-7.69177e-05 323.854
-0.00108524 324.192
-3.5394e-05 324.53
-0.00105079 324.867
-0.000139863 325.205
-0.000871965 325.543
-0.000364268 325.881
-0.000600973 326.218
-0.000650651 326.556
-0.000314494 326.894
-0.000921541 327.231
-9.00683e-05 327.569
-0.00110025 327.907
1.42386e-05 328.244
-0.00113446 328.582
-2.77309e-05 328.92
-0.00101405 329.258
-0.000205531 329.595
-0.000774649 329.933
-0.000473904 330.271
-0.000485199 330.608
-0.000761657 330.946
-0.000225654 331.284
-0.000988815 331.621
-6.43428e-05 331.959
-0.00108976 332.297
-4.19975e-05 332.635
-0.00103476 332.972
-0.000163982 333.31
-0.000840425 333.648
-0.000399379 333.985
-0.000563801 334.323
-0.000686617 334.661
-0.000283186 334.998
-0.000947019 335.336
-7.44656e-05 335.674
-0.00110596 336.012
8.25749e-06 336.349
-0.00111626 336.687
-5.60834e-05 337.025
-0.000974365 337.362
-0.000251814 337.7
-0.000721654 338.038
