6.59206e+08
5.82819e+08
5.76631e+08
5.66844e+08
5.54233e+08
5.399e+08
5.25316e+08
4.67569e+08
5.12374e+08
5.10208e+08
5.08964e+08
5.07295e+08
5.04643e+08
5.03091e+08
5.00574e+08
4.98913e+08
4.95414e+08
4.95169e+08
4.9213e+08
4.92399e+08
4.2686e+08
4.21617e+08
4.14565e+08
4.03611e+08
3.88652e+08
3.71928e+08
2.9327e+08
2.97498e+08
3.17727e+08
3.22436e+08
3.38004e+08
3.39812e+08
3.56156e+08
3.4796e+08
3.50563e+08
3.50311e+08
3.48769e+08
3.4923e+08
2.65778e+08
2.6846e+08
2.35562e+08
2.38583e+08
2.09465e+08
2.03774e+08
1.81231e+08
1.72793e+08
1.54137e+08
1.45014e+08
1.27705e+08
1.22684e+08
1.5392e+06
662884
471585
1975.82
69838.8
3.46117e+06
5.91139e+06
1.03878e+07
6.46373e+06
1.66902e+07
1.50059e+07
2.09855e+07
2.75173e+07
3.14769e+07
3.48573e+07
1.05958e+08
4.18315e+07
5.13316e+07
4.95732e+07
5.74518e+07
1.01432e+08
6.4434e+07
9.3682e+07
7.14498e+07
7.44775e+07
7.80737e+07
8.28654e+07
8.94391e+07
8.67026e+07
8.70703e+07
1
1
1
1
1
1
1
1
1
1
1
1
1
1
1
1
1
1
1
1
1
1
1
1
1
1
1
1
1
1
1
1
1
1
1
1
1
1
1
1
1
1
1
1
1
1
