-0.0397314 0.3377
-0.00269131 0.6754
-0.0345345 1.0131
-0.0100279 1.3508
-0.0255644 1.6885
-0.0199996 2.0262
-0.0152787 2.3639
-0.0298748 2.7016
-0.00649476 3.0393
-0.0369492 3.377
-0.00161711 3.7147
-0.0392877 4.0524
-0.0019779 4.3901
-0.0362549 4.7278
-0.00747197 5.0655
-0.0286888 5.4032
-0.0165857 5.7409
-0.0186716 6.0786
-0.026812 6.4163
-0.00895837 6.754
-0.0353378 7.0917
-0.00222183 7.4294
-0.039816 7.7671
-0.000318944 8.1048
-0.0390086 8.4425
-0.00378189 8.7802
-0.0331266 9.1179
-0.0116721 9.4556
-0.0237715 9.7933
-0.0218375 10.131
-0.0134972 10.4687
-0.0315021 10.8064
-0.00510927 11.1441
-0.0380277 11.4818
-0.000895747 11.8195
-0.039637 12.1572
-0.00199967 12.4949
-0.0359009 12.8326
-0.00810611 13.1703
-0.0278558 13.508
-0.0175285 13.8457
-0.0177196 14.1834
-0.0276711 14.5211
-0.00828371 14.8588
-0.035741 15.1965
-0.00214714 15.5342
-0.039514 15.8719
-0.00100372 16.2096
-0.037945 16.5473
-0.00517763 16.885
-0.0314538 17.2227
-0.0135345 17.5604
-0.0218104 17.8981
-0.0237923 18.2358
-0.0116503 18.5735
-0.0331467 18.9112
-0.00375111 19.2489
-0.0390405 19.5866
-0.000271341 19.9243
-0.0398648 20.262
-0.00215839 20.5997
-0.0353998 20.9374
-0.00888911 21.2751
-0.0268749 21.6128
-0.0186132 21.9505
-0.016632 22.2882
-0.0286603 22.6259
-0.00748323 22.9636
-0.0362726 23.3013
-0.00193957 23.639
-0.0393611 23.9767
-0.00152232 24.3144
-0.0370783 24.6521
-0.00634601 24.9898
-0.0300503 25.3275
-0.015087 25.6652
-0.0202056 26.0029
-0.0253466 26.3406
-0.0102461 26.6783
-0.0343082 27.016
-0.00290644 27.3537
-0.0395107 27.6914
-0.000203498 28.0291
-0.0395228 28.3668
-0.00288382 28.7045
-0.0343357 29.0422
-0.0102188 29.3799
-0.0253648 29.7176
-0.0202043 30.0553
-0.0150629 30.393
-0.0301099 30.7307
-0.00624669 31.0684
-0.0372278 31.4061
-0.00132496 31.7438
-0.0396154 32.0815
-0.00163769 32.4192
-0.0366275 32.7569
-0.00708911 33.0946
-0.0290934 33.4323
-0.016174 33.77
-0.0190893 34.1077
-0.0263905 34.4454
-0.00936937 34.7831
-0.034926 35.1208
-0.00260996 35.4585
-0.0394291 35.7962
-0.00067576 36.1339
-0.0386542 36.4716
-0.00410833 36.8093
-0.0328028 37.147
-0.0119777 37.4847
-0.0234684 37.8224
-0.0221368 38.1601
-0.0132 38.4978
-0.0318106 38.8355
-0.00480288 39.1732
-0.0383564 39.5109
-0.000569662 39.8486
-0.0399891 40.1863
-0.00165137 40.524
-0.0362703 40.8617
-0.00774236 41.1994
-0.0282281 41.5371
-0.0171641 41.8748
-0.0180756 42.2125
-0.0273255 42.5502
-0.00860411 42.8879
-0.0354331 43.2256
-0.00241729 43.5633
-0.0392581 43.901
-0.00121722 44.2387
-0.0377465 44.5764
-0.00533762 44.9141
-0.0313088 45.2518
-0.0136524 45.5895
-0.021707 45.9272
-0.0238842 46.2649
-0.0115717 46.6026
-0.033229 46.9403
-0.00368126 47.278
-0.0391247 47.6157
-0.000199004 47.9534
-0.0399546 48.2911
-0.00208068 48.6288
-0.0354896 48.9665
-0.00881235 49.3042
-0.0269516 49.6419
-0.0185512 49.9796
-0.0166781 50.3173
-0.0286308 50.655
-0.00748201 50.9927
-0.036292 51.3304
-0.00187955 51.6681
-0.03944 52.0058
-0.00140052 52.3435
-0.0372184 52.6812
-0.00616893 53.0189
-0.0302439 53.3566
-0.0148692 53.6943
-0.0204373 54.032
-0.0251066 54.3697
-0.0104967 54.7074
-0.0340644 55.0451
-0.00315783 55.3828
-0.0392762 55.7205
-0.00044356 56.0582
-0.0393024 56.3959
-0.00310904 56.7336
-0.034125 57.0713
-0.0104348 57.409
-0.0251522 57.7467
-0.0204239 58.0844
-0.0148327 58.4221
-0.0303488 58.7598
-0.00598446 59.0975
-0.0374999 59.4352
-0.0010218 59.7729
-0.0399283 60.1106
-0.00129331 60.4483
-0.03698 60.786
-0.00671252 61.1237
-0.0294749 61.4614
-0.0157817 61.7991
-0.0194824 62.1368
-0.0260025 62.4745
-0.00975371 62.8122
-0.0345612 63.1499
-0.00296752 63.4876
-0.0391004 63.8253
-0.000994995 64.163
-0.0383657 64.5007
-0.00438678 64.8384
-0.0325494 65.1761
-0.012222 65.5138
-0.0232377 65.8515
-0.0223605 66.1892
-0.0129761 66.5269
-0.0320295 66.8646
-0.00457146 67.2023
-0.0385842 67.54
-0.000322292 67.8777
-0.040233 68.2154
-0.00138832 68.5531
-0.0365283 68.8908
-0.00747297 69.2285
-0.0284896 69.5662
-0.0169046 69.9039
-0.0183236 70.2416
-0.0270948 70.5793
-0.00881981 70.917
-0.0352481 71.2547
-0.00258481 71.5924
-0.0391289 71.9301
-0.00132783 72.2678
-0.0376743 72.6055
-0.00539195 72.9432
-0.0312853 73.2809
-0.0136602 73.6186
-0.0217169 73.9563
-0.0238615 74.294
-0.0115971 74.6317
-0.0331938 74.9694
-0.00370622 75.3071
-0.0390923 75.6448
-0.000214077 75.9825
-0.0399331 76.3202
-0.00208526 76.6579
-0.0354782 76.9956
-0.00881468 77.3333
-0.0269407 77.671
-0.0185659 78.0087
-0.0166526 78.3464
-0.0286744 78.6841
-0.00742525 79.0218
-0.0363783 79.3595
-0.0017787 79.6972
-0.0395759 80.0349
-0.00125025 80.3726
-0.0374015 80.7103
-0.00597338 81.048
-0.0304629 81.3857
-0.0146413 81.7234
-0.0206744 82.0611
-0.0248651 82.3988
-0.0107321 82.7365
-0.0338291 83.0742
-0.00337479 83.4119
-0.039063 83.7496
-0.000632018 84.0873
-0.0391197 84.425
-0.00326808 84.7627
-0.0339716 85.1004
-0.0105723 85.4381
-0.0250184 85.7758
-0.0205535 86.1135
-0.0147036 86.4512
-0.0304861 86.7889
-0.00584454 87.1266
-0.0376573 87.4643
-0.000859785 87.802
-0.0401113 88.1397
-0.00110592 88.4774
-0.037185 88.8151
-0.0065059 89.1528
-0.0296898 89.4905
-0.0155703 89.8282
-0.0196894 90.1659
-0.0258054 90.5036
-0.00993354 90.8413
-0.0343975 91.179
-0.00310435 91.5167
-0.0389842 91.8544
-0.00108026 92.1921
-0.0383027 92.5298
-0.00442112 92.8675
-0.0325354 93.2052
-0.0122148 93.5429
-0.0232603 93.8806
-0.0223269 94.2183
-0.0130184 94.556
-0.0319864 94.8937
-0.00461705 95.2314
-0.0385451 95.5691
-0.000359678 95.9068
-0.0402044 96.2445
-0.0014145 96.5822
-0.0365081 96.9199
-0.00749424 97.2576
-0.0284673 97.5953
-0.0169348 97.933
-0.0182832 98.2707
-0.0271514 98.6084
-0.00874427 98.9461
-0.0353473 99.2838
-0.00246087 99.6215
-0.0392809 99.9592
-0.00114964 100.297
-0.0378804 100.635
-0.00516292 100.972
-0.0315371 101.31
-0.0133924 101.648
-0.0219984 101.985
-0.0235727 102.323
-0.011889 102.661
-0.0329031 102.998
-0.00399061 103.336
-0.0388151 103.674
-0.000479052 104.012
-0.0396776 104.349
-0.00232778 104.687
-0.0352435 105.025
-0.00904084 105.362
-0.0267176 105.7
-0.0187887 106.038
-0.0164265 106.375
-0.0289095 106.713
-0.00718094 107.051
-0.0366395 107.389
-0.00150477 107.726
-0.0398702 108.064
-0.00094298 108.402
-0.0377272 108.739
-0.00563835 109.077
-0.0308089 109.415
-0.0142925 109.752
-0.0210231 110.09
-0.0245217 110.428
-0.0110636 110.766
-0.0335108 111.103
-0.00367135 111.441
-0.0387852 111.779
-0.000882869 112.116
-0.0388897 112.454
-0.00347146 112.792
-0.0337874 113.129
-0.0107354 113.467
-0.0248694 113.805
-0.0206902 114.143
-0.0145743 114.48
-0.0306123 114.818
-0.00571912 115.156
-0.0377866 115.493
-0.000726995 115.831
-0.0402505 116.169
-0.00096252 116.506
-0.0373323 116.844
-0.00635798 117.182
-0.0298348 117.52
-0.0154319 117.857
-0.0198155 118.195
-0.0256949 118.533
-0.0100227 118.87
-0.0343326 119.208
-0.0031412 119.546
-0.0389773 119.883
-0.00105662 120.221
-0.0383574 120.559
-0.00433792 120.897
-0.0326457 121.234
-0.0120818 121.572
-0.0234121 121.91
-0.0221603 122.247
-0.0131933 122.585
-0.0318041 122.923
-0.0047974 123.26
-0.0383626 123.598
-0.000533453 123.936
-0.0400305 124.274
-0.00157826 124.611
-0.0363428 124.949
-0.00765386 125.287
-0.0283021 125.624
-0.0171035 125.962
-0.0181039 126.3
-0.0273457 126.637
-0.00853508 126.975
-0.0355819 127.313
-0.00220902 127.651
-0.0395643 127.988
-0.000849376 128.326
-0.0382118 128.664
-0.00481755 129.001
-0.0319062 129.339
-0.0130139 129.677
-0.0223878 130.014
-0.0231792 130.352
-0.0122782 130.69
-0.0325143 131.028
-0.00436122 131.365
-0.0384478 131.703
-0.000819541 132.041
-0.0393418 132.378
-0.00263579 132.716
-0.0349401 133.054
-0.00932329 133.391
-0.0264389 133.729
-0.0190592 134.067
-0.0161589 134.405
-0.029184 134.742
-0.00690918 135.08
-0.036931 135.418
-0.00121661 135.755
-0.0401849 136.093
-0.000633114 136.431
-0.0380618 136.768
-0.00531042 137.106
-0.0311513 137.444
-0.0139587 137.782
-0.0213548 138.119
-0.0241999 138.457
-0.0113646 138.795
-0.0332202 139.132
-0.00392534 139.47
-0.0385419 139.808
-0.00108115 140.145
-0.0387022 140.483
-0.00361505 140.821
-0.033655 141.159
-0.0108344 141.496
-0.0247827 141.834
-0.0207607 142.172
-0.0145178 142.509
-0.0306717 142.847
-0.00567583 143.185
-0.0378485 143.523
-0.000682954 143.86
-0.0403209 144.198
-0.000910856 144.536
-0.0374077 144.873
-0.00630077 145.211
-0.0299032 145.549
-0.0153796 145.886
-0.0198597 146.224
-0.0256635 146.562
-0.0100251 146.9
-0.0343392 147.237
-0.00308926 147.575
-0.0390354 147.913
-0.000945923 148.25
-0.0384729 148.588
-0.00417404 148.926
-0.0328151 149.263
-0.011879 149.601
-0.0236231 149.939
-0.0219377 150.277
-0.0134279 150.614
-0.0315813 150.952
-0.00503634 151.29
-0.0381539 151.627
-0.00076076 151.965
-0.0398418 152.303
-0.00178534 152.64
-0.0361703 152.978
-0.00784125 153.316
-0.0281339 153.654
-0.0172802 153.991
-0.0179239 154.329
-0.0275263 154.667
-0.00832783 155.004
-0.035782 155.342
-0.00196478 155.68
-0.0397958 156.017
-0.000567385 156.355
-0.0384792 156.693
-0.00450687 157.031
-0.0322047 157.368
-0.0126915 157.706
-0.0227039 158.044
-0.0228659 158.381
-0.012593 158.719
-0.0322294 159.057
-0.00465474 159.394
-0.0382045 159.732
-0.0010756 160.07
-0.0391437 160.408
-0.00284589 160.745
-0.034781 161.083
-0.00948838 161.421
-0.0263048 161.758
-0.019189 162.096
-0.0160326 162.434
-0.029294 162.771
-0.00677532 163.109
-0.0370378 163.447
-0.00106645 163.785
-0.0403016 164.122
-0.00046736 164.46
-0.0381938 164.798
-0.00513934 165.135
-0.0312948 165.473
-0.0137995 165.811
-0.0214975 166.148
-0.0240723 166.486
-0.0114887 166.824
-0.0331411 167.162
-0.00401228 167.499
-0.0385203 167.837
-0.00111653 168.175
-0.0387375 168.512
-0.00359253 168.85
-0.0337366 169.188
-0.0107575 169.525
-0.0248932 169.863
-0.0206418 170.201
-0.0146375 170.539
-0.0305291 170.876
-0.00578819 171.214
-0.0377015 171.552
-0.000779052 171.889
-0.0401848 172.227
-0.000991482 172.565
-0.0372897 172.902
-0.00637595 173.24
-0.0298011 173.578
-0.0154654 173.916
-0.0197626 174.253
-0.0257774 174.591
-0.00991679 174.929
-0.0344946 175.266
-0.00295286 175.604
-0.0392375 175.942
-0.000769351 176.279
-0.0387169 176.617
-0.0039536 176.955
-0.0330871 177.293
-0.011621 177.63
-0.0239032 177.968
-0.0216575 178.306
-0.0136954 178.643
-0.0312992 178.981
-0.00527432 179.319
-0.0378907 179.656
-0.000960763 179.994
-0.0396133 180.332
-0.00194867 180.67
-0.0359835 181.007
-0.00797809 181.345
-0.0279858 181.683
-0.0174062 182.02
-0.0178027 182.358
-0.0276577 182.696
-0.008217 183.033
-0.0359308 183.371
-0.00184799 183.709
-0.0399659 184.047
-0.000433662 184.384
-0.0386649 184.722
-0.00435417 185.06
-0.0323919 185.397
-0.0125278 185.735
-0.0228734 186.073
-0.0227073 186.41
-0.0127253 186.748
-0.0320961 187.086
-0.00473508 187.424
-0.0381155 187.761
-0.00109734 188.099
-0.0391118 188.437
-0.00281207 188.774
-0.0348094 189.112
-0.00941058 189.45
-0.0263866 189.787
-0.019084 190.125
-0.0161528 190.463
-0.0291791 190.801
-0.00691513 191.138
-0.0369263 191.476
-0.00120875 191.814
-0.0401989 192.151
-0.000601452 192.489
-0.0380964 192.827
-0.00526395 193.164
-0.0311912 193.502
-0.013923 193.84
-0.0213714 194.178
-0.0242101 194.515
-0.0113236 194.853
-0.0333111 195.191
-0.0037961 195.528
-0.0387376 195.866
-0.000844883 196.204
-0.0390098 196.541
-0.00327031 196.879
-0.0340617 197.217
-0.0103978 197.555
-0.025259 197.892
-0.0202631 198.23
-0.0150254 198.568
-0.0301504 198.905
-0.00617753 199.243
-0.037338 199.581
-0.00115264 199.918
-0.0398444 200.256
-0.00133982 200.594
-0.0369715 200.932
-0.00669931 201.269
-0.0294961 201.607
-0.0157731 201.945
-0.0194569 202.282
-0.0260846 202.62
-0.00959557 202.958
-0.0348171 203.295
-0.00260518 203.633
-0.039587 203.971
-0.000391427 204.309
-0.0390968 204.646
-0.00355047 204.984
-0.0334909 205.322
-0.0112058 205.659
-0.0243158 205.997
-0.0212485 206.335
-0.0140966 206.672
-0.0309157 207.01
-0.00564422 207.348
-0.0375484 207.686
-0.00128458 208.023
-0.0393206 208.361
-0.00222044 208.699
-0.03574 209.036
-0.00820177 209.374
-0.0277827 209.712
-0.0175941 210.049
-0.0176258 210.387
-0.0278264 210.725
-0.00805059 211.063
-0.0360962 211.4
-0.00167964 211.738
-0.0401382 212.076
-0.000257685 212.413
-0.0388454 212.751
-0.00417347 213.089
-0.0325726 213.426
-0.0123533 213.764
-0.0230388 214.102
-0.0225553 214.44
-0.0128565 214.777
-0.0319842 215.115
-0.00481538 215.453
-0.0380577 215.79
-0.00111661 216.128
-0.0391151 216.466
-0.00276975 216.803
-0.0348717 217.141
-0.00931587 217.479
-0.0264975 217.817
-0.0189534 218.154
-0.0162957 218.492
-0.0290318 218.83
-0.00707192 219.167
-0.0367792 219.505
-0.00136417 219.843
-0.0400618 220.18
-0.00074692 220.518
-0.03797 220.856
-0.00539953 221.194
-0.0310666 221.531
-0.014057 221.869
-0.0212337 222.207
-0.0243566 222.544
-0.011156 222.882
-0.0334856 223.22
-0.00358553 223.557
-0.0389526 223.895
-0.000585959 224.233
-0.0392709 224.571
-0.00296753 224.908
-0.0343654 225.246
-0.0100649 225.584
-0.0255935 225.921
-0.0199196 226.259
-0.0153726 226.597
-0.029817 226.934
-0.00651772 227.272
-0.0370311 227.61
-0.0014688 227.948
-0.0395721 228.285
-0.00162184 228.623
-0.0367322 228.961
-0.00694602 229.298
-0.0292791 229.636
-0.0159921 229.974
-0.0192463 230.311
-0.0262896 230.649
-0.00937531 230.987
-0.0350239 231.325
-0.00236402 231.662
-0.0398086 232
-0.000126722 232.338
-0.0393395 232.675
-0.00326946 233.013
-0.0337521 233.351
-0.010924 233.688
-0.0245841 234.026
-0.020986 234.364
-0.0143545 234.702
-0.0306917 235.039
-0.00587246 235.377
-0.0373762 235.715
-0.00146687 236.052
-0.0392043 236.39
-0.00234765 236.728
-0.0356735 237.065
-0.00827419 237.403
-0.0277517 237.741
-0.0176212 238.079
-0.0176119 238.416
-0.0278243 238.754
-0.00803656 239.092
-0.0360831 239.429
-0.00165426 239.767
-0.0401296 240.105
-0.000218925 240.442
-0.0388498 240.78
-0.00412897 241.118
-0.0325892 241.456
-0.0123181 241.793
-0.0230578 242.131
-0.0225477 242.469
-0.0128621 242.806
-0.03202 243.144
-0.0047899 243.482
-0.0381461 243.819
-0.00104597 244.157
-0.0392556 244.495
-0.00264741 244.833
-0.035054 245.17
-0.00914512 245.508
-0.0267038 245.846
-0.0187469 246.183
-0.0165055 246.521
-0.0288086 246.859
-0.00726705 247.196
-0.0365599 247.534
-0.00153321 247.872
-0.0398635 248.21
-0.00088789 248.547
-0.0378019 248.885
-0.0055198 249.223
-0.0309282 249.56
-0.0141707 249.898
-0.0211151 250.236
-0.0244801 250.573
-0.0110418 250.911
-0.0336326 251.249
-0.0034591 251.587
-0.03913 251.924
-0.000434929 252.262
-0.039476 252.6
-0.00278778 252.937
-0.0345866 253.275
-0.00986233 253.613
-0.0258127 253.95
-0.019709 254.288
-0.0155697 254.626
-0.0296186 254.964
-0.00667528 255.301
-0.0368651 255.639
-0.00157656 255.977
-0.0394538 256.314
-0.00167867 256.652
-0.0366679 256.99
-0.00695982 257.327
-0.0292649 257.665
-0.0159772 258.003
-0.0192695 258.341
-0.0262626 258.678
-0.00941839 259.016
-0.0349989 259.354
-0.00240997 259.691
-0.0397935 260.029
-0.000164028 260.367
-0.0393334 260.704
-0.00329562 261.042
-0.0337456 261.38
-0.0109464 261.718
-0.024562 262.055
-0.0210199 262.393
-0.0142994 262.731
-0.0307557 263.068
-0.00576946 263.406
-0.0374873 263.744
-0.00130744 264.081
-0.0393726 264.419
-0.00213198 264.757
-0.0358995 265.095
-0.00801116 265.432
-0.0280256 265.77
-0.0173263 266.108
-0.0179165 266.445
-0.0275156 266.783
-0.00835177 267.121
-0.0357771 267.458
-0.00196265 267.796
-0.0398371 268.134
-0.000510235 268.472
-0.0385737 268.809
-0.00440267 269.147
-0.0323239 269.485
-0.0125831 269.822
-0.0227914 270.16
-0.0228191 270.498
-0.0125799 270.835
-0.0323144 271.173
-0.00447853 271.511
-0.0384761 271.849
-0.000697596 272.186
-0.0396257 272.524
-0.00226222 272.862
-0.0354585 273.199
-0.00873184 273.537
-0.0271279 273.875
-0.0183211 274.212
-0.016929 274.55
-0.0283895 274.888
-0.00766918 275.226
-0.0361655 275.563
-0.00189835 275.901
-0.039507 276.239
-0.00120922 276.576
-0.0374886 276.914
-0.00580069 277.252
-0.0306546 277.589
-0.0144231 277.927
-0.0208706 278.265
-0.0247205 278.603
-0.0108118 278.94
-0.0338768 279.278
-0.00322909 279.616
-0.0393878 279.953
-0.000195146 280.291
-0.0397481 280.629
-0.002536 280.966
-0.0348636 281.304
-0.00960496 281.642
-0.0260775 281.98
-0.0194599 282.317
-0.015802 282.655
-0.0293958 282.993
-0.00685686 283.33
-0.0366864 283.668
-0.00169639 284.006
-0.0393325 284.343
-0.0017358 284.681
-0.0366092 285.019
-0.00696352 285.357
-0.029265 285.694
-0.0159442 286.032
-0.0193163 286.37
-0.0262122 286.707
-0.00949487 287.045
-0.0349475 287.383
-0.00249842 287.72
-0.0397498 288.058
-0.00025083 288.396
-0.039296 288.734
-0.00337468 289.071
-0.0337037 289.409
-0.0110207 289.747
-0.0244981 290.084
-0.0211005 290.422
-0.014195 290.76
-0.0308589 291.097
-0.00561037 291.435
-0.0376296 291.773
-0.00108844 292.111
-0.0395666 292.448
-0.00185857 292.786
-0.0361495 293.124
-0.00769859 293.461
-0.0283266 293.799
-0.0169957 294.137
-0.0182544 294.474
-0.0271887 294.812
-0.0087068 295.15
-0.0354703 295.488
-0.00231401 295.825
-0.0395576 296.163
-0.000841065 296.501
-0.0383176 296.838
-0.00470398 297.176
-0.0320784 297.514
-0.0128557 297.851
-0.0225385 298.189
-0.0230728 298.527
-0.0123022 298.865
-0.0325651 299.202
-0.00416524 299.54
-0.0387408 299.878
-0.000347723 300.215
-0.0399175 300.553
-0.00188583 300.891
-0.0357825 301.228
-0.00834787 301.566
-0.0274792 301.904
-0.0179527 302.242
-0.017293 302.579
-0.0280578 302.917
-0.00802536 303.255
-0.0358847 303.592
-0.00222487 303.93
-0.0392803 304.268
-0.00148844 304.605
-0.0373078 304.943
-0.00602347 305.281
-0.0305032 305.619
-0.014591 305.956
-0.0207284 306.294
-0.0248451 306.632
-0.0106609 306.969
-0.0339762 307.307
-0.00305964 307.645
-0.0394817 307.982
-8.10049e-06 308.32
-0.0398524 308.658
-0.0023432 308.996
-0.0349855 309.333
-0.00942604 309.671
-0.0262136 310.009
-0.0193169 310.346
-0.0159389 310.684
-0.029307 311.022
-0.00697497 311.359
-0.0366613 311.697
-0.00177486 312.035
-0.039369 312.373
-0.00175857 312.71
-0.0366942 313.048
-0.00692375 313.386
-0.0293775 313.723
-0.0158465 314.061
-0.0194335 314.399
-0.0260715 314.736
-0.00959799 315.074
-0.0347856 315.412
-0.00257758 315.75
-0.0395895 316.087
-0.000307516 316.425
-0.0391554 316.763
-0.00342089 317.1
-0.0335912 317.438
-0.0110752 317.776
-0.0244113 318.113
-0.0211831 318.451
-0.0141209 318.789
-0.0309846 319.127
-0.00553004 319.464
-0.0378039 319.802
-0.00098248 320.14
-0.0397836 320.477
-0.00171309 320.815
-0.036393 321.153
-0.00750965 321.49
-0.0285739 321.828
-0.016771 322.166
-0.0184821 322.504
-0.026946 322.841
-0.00889665 323.179
-0.0352331 323.517
-0.00245709 323.854
-0.039349 324.192
-0.000939716 324.53
-0.0381548 324.867
-0.0047705 325.205
-0.0319679 325.543
-0.0129084 325.881
-0.0224754 326.218
-0.0231304 326.556
-0.0122718 326.894
-0.0326415 327.231
-0.00414763 327.569
-0.0388407 327.907
-0.000323978 328.244
-0.0400348 328.582
-0.00184365 328.92
-0.0359019 329.258
-0.00828539 329.595
-0.0275799 329.933
-0.0178792 330.271
-0.0173542 330.608
-0.0279917 330.946
-0.00803127 331.284
-0.0358478 331.621
-0.00216885 331.959
-0.0392926 332.297
-0.00137445 332.635
-0.0373814 332.972
-0.00586474 333.31
-0.0306393 333.648
-0.0144064 333.985
-0.020917 334.323
-0.024654 334.661
-0.0108837 334.998
-0.0337937 335.336
-0.00329516 335.674
-0.0393144 336.012
-0.00023761 336.349
-0.0396973 336.687
-0.0025559 337.025
-0.034831 337.362
-0.00962176 337.7
-0.0260428 338.038
-0.0195058 338.375
-0.0157345 338.713
-0.0295061 339.051
-0.00672417 339.389
-0.0368895 339.726
-0.00147293 340.064
-0.0396408 340.402
-0.00141039 340.739
-0.0370155 341.077
-0.00654292 341.415
-0.0297434 341.752
-0.0154521 342.09
-0.019829 342.428
-0.0256838 342.766
-0.0100021 343.103
-0.0344211 343.441
-0.00296865 343.779
-0.0392572 344.116
-0.000668704 344.454
-0.0388552 344.792
-0.00374443 345.129
-0.0333148 345.467
-0.0113638 345.805
-0.0241445 346.142
-0.0214486 346.48
-0.0138485 346.818
-0.0312437 347.156
-0.00523991 347.493
-0.0380729 347.831
-0.000669464 348.169
-0.0400728 348.506
-0.00138082 348.844
-0.0367037 349.182
-0.00717007 349.519
-0.0288971 349.857
-0.0164418 350.195
-0.0188008 350.533
-0.0266463 350.87
-0.00918991 351.208
-0.0349792 351.546
-0.00270598 351.883
-0.0391505 352.221
-0.00113199 352.559
-0.0380123 352.896
-0.0049037 353.234
-0.0318736 353.572
-0.0129901 353.91
-0.0224152 354.247
-0.0231758 354.585
-0.0122294 354.923
-0.0326686 355.26
-0.00410905 355.598
-0.0388651 355.936
-0.000281217 356.273
-0.040065 356.611
-0.001797 356.949
-0.0359369 357.287
-0.0082434 357.624
-0.0276092 357.962
-0.0178565 358.3
-0.0173612 358.637
-0.028005 358.975
-0.00799783 359.313
-0.0359116 359.65
-0.00208073 359.988
-0.0394151 360.326
-0.00122541 360.664
-0.0375624 361.001
-0.00565863 361.339
-0.0308697 361.677
-0.0141563 362.014
-0.0211812 362.352
-0.0243788 362.69
-0.0111631 363.027
-0.0335131 363.365
-0.00357287 363.703
-0.0390438 364.041
-0.00050245 364.378
-0.0394437 364.716
-0.00280485 365.054
-0.0345917 365.391
-0.00986031 365.729
-0.0258067 366.067
-0.019746 366.404
-0.0154858 366.742
-0.0297629 367.08
-0.00644728 367.418
-0.0371761 367.755
-0.00115784 368.093
-0.039965 368.431
-0.00105589 368.768
-0.0373764 369.106
-0.00615766 369.444
-0.0301316 369.781
-0.0150528 370.119
-0.0202282 370.457
-0.0252911 370.795
-0.0103926 371.132
-0.0340545 371.47
-0.00333231 371.808
-0.0389298 372.145
-0.000993086 372.483
-0.0385712 372.821
-0.00402547 373.158
-0.0330683 373.496
-0.0116065 373.834
-0.0239221 374.172
-0.0216649 374.509
-0.0136335 374.847
-0.0314493 375.185
-0.00501768 375.522
-0.0382823 375.86
-0.000431777 376.198
-0.0402951 376.535
-0.0011288 376.873
-0.0369397 377.211
-0.00691421 377.549
-0.0291386 377.886
-0.0161993 378.224
-0.0190326 378.562
-0.0264368 378.899
-0.00939353 379.237
-0.0348191 379.575
-0.00286437 379.912
-0.0390488 380.25
-0.001234 380.588
-0.0379683 380.926
-0.00494703 381.263
-0.031877 381.601
-0.0129819 381.939
-0.0224492 382.276
-0.0231308 382.614
-0.0122752 382.952
-0.0326051 383.289
-0.0041511 383.627
-0.0388003 383.965
-0.0003114 384.303
-0.0400102 384.64
-0.00181664 384.978
-0.035895 385.316
-0.00826264 385.653
-0.0275736 385.991
-0.0178912 386.329
-0.0173182 386.666
-0.028072 387.004
-0.0079307 387.342
-0.0360237 387.68
-0.00197445 388.017
-0.0395772 388.355
-0.00107143 388.693
-0.0377698 389.03
-0.00545766 389.368
-0.0311089 389.706
-0.0139186 390.043
-0.0214331 390.381
-0.024122 390.719
-0.0114077 391.057
-0.0332578 391.394
-0.0037942 391.732
-0.0388085 392.07
-0.000692414 392.407
-0.0392399 392.745
-0.00296472 393.083
-0.0344219 393.42
-0.00999973 393.758
-0.0256635 394.096
-0.0198798 394.434
-0.0153551 394.771
-0.0299065 395.109
-0.00631265 395.447
-0.0373409 395.784
-0.00100553 396.122
-0.0401546 396.46
-0.000879407 396.797
-0.0375855 397.135
-0.0059601 397.473
-0.0303467 397.811
-0.0148465 398.148
-0.0204309 398.486
-0.0250947 398.824
-0.0105641 399.161
-0.033888 399.499
-0.00345803 399.837
-0.0388095 400.174
-0.00106598 400.512
-0.0385053 400.85
-0.00404766 401.188
-0.0330549 401.525
-0.0115883 401.863
-0.0239502 402.201
-0.021622 402.538
-0.0136861 402.876
-0.031398 403.214
-0.00507696 403.551
-0.0382355 403.889
-0.000484297 404.227
-0.0402588 404.565
-0.00116934 404.902
-0.036911 405.24
-0.0069473 405.578
-0.0291071 405.915
-0.0162379 406.253
-0.0189828 406.591
-0.0264985 406.928
-0.00930924 407.266
-0.034921 407.604
-0.00273286 407.942
-0.0392023 408.279
-0.00104975 408.617
-0.0381757 408.955
-0.00471331 409.292
-0.0321305 409.63
-0.0127102 409.968
-0.0227328 410.305
-0.0228383 410.643
-0.012569 410.981
-0.0323104 411.319
-0.00443622 411.656
-0.0385191 411.994
-0.000575218 412.332
-0.0397515 412.669
-0.00205579 413.007
-0.0356592 413.345
-0.00848344 413.682
-0.0273531 414.02
-0.0181073 414.358
-0.0170998 414.696
-0.0282997 415.033
-0.00769936 415.371
-0.0362772 415.709
-0.00171818 416.046
-0.0398634 416.384
-0.000784781 416.722
-0.0380859 417.059
-0.00514379 417.397
-0.0314427 417.735
-0.0135891 418.073
-0.0217656 418.41
-0.0237945 418.748
-0.0117182 419.086
-0.0329518 419.423
-0.00406527 419.761
-0.0385407 420.099
-0.000914446 420.436
-0.0390206 420.774
-0.00313807 421.112
-0.0342523 421.45
-0.0101341 421.787
-0.0255362 422.125
-0.0199909 422.463
-0.0152563 422.8
-0.0300114 423.138
-0.00622615 423.476
-0.0374524 423.813
-0.000917501 424.151
-0.0402776 424.489
-0.000782406 424.827
-0.037715 425.164
-0.00585539 425.502
-0.0304691 425.84
-0.0147441 426.177
-0.0205275 426.515
-0.0250107 426.853
-0.0106162 427.19
-0.0338407 427.528
-0.00345191 427.866
-0.0388146 428.204
-0.000996975 428.541
-0.0385714 428.879
-0.00392126 429.217
-0.0331815 429.554
-0.0114187 429.892
-0.0241275 430.23
-0.0214282 430.567
-0.0138976 430.905
-0.0311987 431.243
-0.0053036 431.581
-0.0380441 431.918
-0.000709428 432.256
-0.0400796 432.594
-0.00138295 432.931
-0.0367388 433.269
-0.00714843 433.607
-0.0289286 433.944
-0.0164346 434.282
-0.0187807 434.62
-0.0267052 434.958
-0.00906785 435.295
-0.0351542 435.633
-0.00244262 435.971
-0.0394759 436.308
-0.000710513 436.646
-0.0384962 436.984
-0.00433494 437.321
-0.0324951 437.659
-0.0123104 437.997
-0.0231293 438.335
-0.0224383 438.672
-0.0129786 439.01
-0.0319297 439.348
-0.00483789 439.685
-0.0381705 440.023
-0.000950989 440.361
-0.0394385 440.698
-0.00239489 441.036
-0.0353754 441.374
-0.00878465 441.712
-0.0270848 442.049
-0.0183787 442.387
-0.0168302 442.725
-0.0285559 443.062
-0.00741413 443.4
-0.0365347 443.738
-0.00140967 444.075
-0.0401357 444.413
-0.000454909 444.751
-0.038379 445.089
-0.00480402 445.426
-0.0317531 445.764
-0.0132578 446.102
-0.0220805 446.439
-0.0234924 446.777
-0.0120187 447.115
-0.0326965 447.452
-0.00433109 447.79
-0.0383428 448.128
-0.00112907 448.466
-0.0388805 448.803
-0.00329294 449.141
-0.0341609 449.479
-0.0102307 449.816
-0.0254776 450.154
-0.0200402 450.492
-0.0152122 450.829
-0.0300305 451.167
-0.00618133 451.505
-0.0374599 451.843
-0.000863863 452.18
-0.040288 452.518
-0.000721266 452.856
-0.0377352 453.193
-0.00579711 453.531
-0.0304959 453.869
-0.0147051 454.206
-0.0205489 454.544
-0.0250091 454.882
-0.0106148 455.22
-0.0338909 455.557
-0.00340991 455.895
-0.0389235 456.233
-0.00090131 456.57
-0.0387363 456.908
-0.00376761 457.246
-0.0333905 457.583
-0.011213 457.921
-0.0243623 458.259
-0.0211853 458.597
-0.0141384 458.934
-0.0309389 459.272
-0.00553388 459.61
-0.0377874 459.947
-0.000919741 460.285
-0.0398412 460.623
-0.00157307 460.96
-0.0365247 461.298
-0.00732681 461.636
-0.0287349 461.974
-0.0166155 462.311
-0.0185953 462.649
-0.0269042 462.987
-0.00887405 463.324
-0.0353837 463.662
-0.00222488 464
-0.0397412 464.337
-0.000459227 464.675
-0.0387936 465.013
-0.00404982 465.351
-0.0328125 465.688
-0.0120012 466.026
-0.0234487 466.364
-0.0221226 466.701
-0.0132804 467.039
-0.0316284 467.377
-0.0051056 467.714
-0.0379026 468.052
-0.00117493 468.39
-0.0392161 468.728
-0.00257417 469.065
-0.0352007 469.403
-0.00892687 469.741
-0.0269502 470.078
-0.0184975 470.416
-0.0167207 470.754
-0.028667 471.091
-0.00731221 471.429
-0.0366513 471.767
-0.0013007 472.105
-0.0402649 472.442
-0.0003316 472.78
-0.0385199 473.118
-0.00466884 473.455
-0.0318962 473.793
-0.0131225 474.131
-0.0222108 474.468
-0.0233748 474.806
-0.0121189 475.144
-0.0326155 475.482
-0.0043862 475.819
-0.0383128 476.157
-0.00113017 476.495
-0.0389077 476.832
-0.00323953 477.17
-0.034241 477.508
-0.0101309 477.845
-0.0255973 478.183
-0.0199087 478.521
-0.0153528 478.859
-0.0298848 479.196
-0.00632363 479.534
-0.0373164 479.872
-0.000993867 480.209
-0.0401576 480.547
-0.000833697 480.885
-0.0376208 481.222
-0.00589662 481.56
-0.0303922 481.898
-0.0148046 482.236
-0.0204438 482.573
-0.0251254 482.911
-0.0104932 483.249
-0.0340397 483.586
-0.00325778 483.924
-0.0391142 484.262
-0.00071011 484.599
-0.0389688 484.937
-0.00353688 485.275
-0.0336546 485.613
-0.0109511 485.95
-0.0246402 486.288
-0.0209079 486.626
-0.0144091 486.963
-0.0306653 487.301
-0.00577833 487.639
-0.0375362 487.976
-0.00112615 488.314
-0.0396257 488.652
-0.0017394 488.99
-0.0363503 489.327
-0.00746079 489.665
-0.0285977 490.003
-0.0167319 490.34
-0.018484 490.678
-0.0270199 491.016
-0.00877314 491.353
-0.0355128 491.691
-0.00211937 492.029
-0.0398897 492.367
-0.000339091 492.704
-0.0389581 493.042
-0.0039132 493.38
-0.03298 493.717
-0.0118554 494.055
-0.0236001 494.393
-0.0219826 494.73
-0.0133954 495.068
-0.0315132 495.406
-0.00516823 495.744
-0.0378306 496.081
-0.00117758 496.419
-0.0392002 496.757
-0.00251955 497.094
-0.0352451 497.432
-0.00882704 497.77
-0.0270495 498.107
-0.0183703 498.445
-0.0168612 498.783
-0.028531 499.121
-0.00747583 499.458
-0.0365207 499.796
-0.00146966 500.134
-0.0401453 500.471
-0.000493374 500.809
-0.0384069 501.147
-0.00481943 501.484
-0.0317771 501.822
-0.0132674 502.16
-0.0220678 502.498
-0.0235274 502.835
-0.0119345 503.173
-0.0327932 503.511
-0.00414844 503.848
-0.0385321 504.186
-0.000836121 504.524
-0.039179 504.861
-0.00289651 505.199
-0.0345658 505.537
-0.00975485 505.875
-0.0259671 506.212
-0.0195202 506.55
-0.0157507 506.888
-0.0295042 507.225
-0.006729 507.563
-0.0369581 507.901
-0.00138685 508.238
-0.0398272 508.576
-0.00120043 508.914
-0.0373139 509.252
-0.00623236 509.589
-0.0300963 509.927
-0.0151144 510.265
-0.0201424 510.602
-0.0254223 510.94
-0.0101708 511.278
-0.0343404 511.615
-0.00290504 511.953
-0.0394337 512.291
-0.000326716 512.629
-0.0393159 512.966
-0.00313238 513.304
-0.0340287 513.642
-0.0105429 513.979
-0.0250309 514.317
-0.020517 514.655
-0.0147983 514.992
-0.0303113 515.33
-0.00614488 515.668
-0.0372323 516.006
-0.00145092 516.343
-0.0393759 516.681
-0.00201016 517.019
-0.0361486 517.356
-0.00767509 517.694
-0.0284306 518.032
-0.0168972 518.369
-0.0183341 518.707
-0.0271514 519.045
-0.00862479 519.383
-0.0356283 519.72
-0.00196294 520.058
-0.040005 520.396
-0.000173926 520.733
-0.0390817 521.071
-0.00374798 521.409
-0.0331108 521.746
-0.0117059 522.084
-0.0237276 522.422
-0.0218676 522.76
-0.0135024 523.097
-0.0314496 523.435
-0.0052356 523.773
-0.0378287 524.11
-0.00118949 524.448
-0.039261 524.786
-0.00246811 525.123
-0.0353603 525.461
-0.00871455 525.799
-0.0272033 526.137
-0.0182087 526.474
-0.0170346 526.812
-0.028339 527.15
-0.00765145 527.487
-0.0363182 527.825
-0.00163614 528.163
-0.0399487 528.5
-0.000647937 528.838
-0.0382245 529.176
-0.00496823 529.514
-0.0316071 529.851
-0.0134234 530.189
-0.0218994 530.527
-0.0237064 530.864
-0.0117517 531.202
-0.0330094 531.54
-0.00393461 531.877
-0.0387934 532.215
-0.000579562 532.553
-0.0394852 532.891
-0.00259432 533.228
-0.0349076 533.566
-0.00941433 533.904
-0.0263281 534.241
-0.0191574 534.579
-0.0161115 534.917
-0.0291398 535.254
-0.00707136 535.592
-0.0366124 535.93
-0.00169819 536.268
-0.0395146 536.605
-0.00147625 536.943
-0.0370396 537.281
-0.00647687 537.618
-0.0298554 537.956
-0.0153388 538.294
-0.0199218 538.631
-0.0256413 538.969
-0.00995385 539.307
-0.0345678 539.645
-0.00267654 539.982
-0.0396786 540.32
-7.80518e-05 540.658
-0.0395797 540.995
-0.00286448 541.333
-0.0343045 541.671
-0.0102664 542.008
-0.0253047 542.346
-0.0202497 542.684
-0.0150524 543.022
-0.0300732 543.359
-0.0063621 543.697
-0.0370404 544.035
-0.00161881 544.372
-0.0392393 544.71
-0.00212385 545.048
-0.0360663 545.385
-0.00773841 545.723
-0.0283917 546.061
-0.0169216 546.399
-0.0183214 546.736
-0.0271528 547.074
-0.00861956 547.412
-0.0356232 547.749
-0.00195049 548.087
-0.0400061 548.425
-0.000147821 548.762
-0.0390947 549.1
-0.00371184 549.438
-0.033133 549.776
-0.0116723 550.113
-0.0237488 550.451
-0.021854 550.789
-0.0135075 551.126
-0.0314733 551.464
-0.00520881 551.802
-0.0379014 552.139
-0.00111883 552.477
-0.0393853 552.815
-0.00234872 553.153
-0.035528 553.49
-0.00855047 553.828
-0.0273978 554.166
-0.0180124 554.503
-0.0172349 554.841
-0.0281283 555.179
-0.00783778 555.516
-0.0361128 555.854
-0.00179513 556.192
-0.0397648 556.53
-0.000775958 556.867
-0.0380714 557.205
-0.00507187 557.543
-0.0314852 557.88
-0.0135171 558.218
-0.0218006 558.556
-0.0238076 558.893
-0.0116615 559.231
-0.033133 559.569
-0.00383716 559.907
-0.0389471 560.244
-0.000461836 560.582
-0.0396665 560.92
-0.00245038 561.257
-0.0351039 561.595
-0.00924748 561.933
-0.0265197 562.27
-0.01898 562.608
-0.0162767 562.946
-0.0289704 563.284
-0.0071921 563.621
-0.0364715 563.959
-0.00176453 564.297
-0.0394194 564.634
-0.00148897 564.972
-0.037 565.31
-0.00644677 565.647
-0.0298714 565.985
-0.0152833 566.323
-0.0199841 566.661
-0.0255792 566.998
-0.0100459 567.336
-0.0345138 567.674
-0.00277994 568.011
-0.0396389 568.349
-0.000177249 568.687
-0.0395499 569.024
-0.00295127 569.362
-0.0342709 569.7
-0.0103423 570.038
-0.025248 570.375
-0.0203257 570.713
-0.014953 571.051
-0.0301667 571.388
-0.00620562 571.726
-0.0371707 572.064
-0.00140021 572.401
-0.0394219 572.739
-0.001849 573.077
-0.0363088 573.415
-0.00742264 573.752
-0.0286914 574.09
-0.0165857 574.428
-0.0186656 574.765
-0.0268176 575.103
-0.00898871 575.441
-0.035304 575.778
-0.00232316 576.116
-0.039709 576.454
-0.000506134 576.792
-0.0388151 577.129
-0.00404589 577.467
-0.0328577 577.805
-0.0119824 578.142
-0.0234597 578.48
-0.0221502 578.818
-0.0131876 579.156
-0.031772 579.493
-0.00484717 579.831
-0.0382204 580.169
-0.000714181 580.506
-0.0397382 580.844
-0.0019105 581.182
-0.0359202 581.519
-0.00809679 581.857
-0.0278238 582.195
-0.0175657 582.533
-0.0176797 582.87
-0.0277098 583.208
-0.00828015 583.546
-0.0357373 583.883
-0.0022127 584.221
-0.0394372 584.559
-0.00115089 584.896
-0.037786 585.234
-0.00539514 585.572
-0.031228 585.91
-0.0137903 586.247
-0.0215535 586.585
-0.0240422 586.923
-0.0114082 587.26
-0.0333463 587.598
-0.00356749 587.936
-0.0391574 588.273
-0.000175671 588.611
-0.0398871 588.949
-0.00215773 589.287
-0.0353392 589.624
-0.00896622 589.962
-0.0267639 590.3
-0.0187313 590.637
-0.0165146 590.975
-0.0287735 591.313
-0.00740306 591.65
-0.0363383 591.988
-0.00192822 592.326
-0.039352 592.664
-0.00159057 593.001
-0.0369899 593.339
-0.00648098 593.677
-0.0299022 594.014
-0.0152557 594.352
-0.020036 594.69
-0.0255048 595.027
-0.0101013 595.365
-0.0344126 595.703
-0.00282772 596.041
-0.0395307 596.378
-0.00021595 596.716
-0.0394487 597.054
-0.00298921 597.391
-0.0341814 597.729
-0.0103951 598.067
-0.0251643 598.404
-0.0204116 598.742
-0.0148607 599.08
-0.0303015 599.418
-0.00608625 599.755
-0.0373632 600.093
-0.00123669 600.431
-0.0396711 600.768
-0.00163088 601.106
-0.0366039 601.444
-0.00714944 601.781
-0.0290143 602.119
-0.0162676 602.457
-0.0189952 602.795
-0.026473 603.132
-0.00930618 603.47
-0.034955 603.808
-0.00261636 604.145
-0.0393756 604.483
-0.000772214 604.821
-0.0385104 605.158
-0.00429138 605.496
-0.0325844 605.834
-0.0122208 606.172
-0.0232108 606.509
-0.0223977 606.847
-0.0129481 607.185
-0.0320427 607.522
-0.00459974 607.86
-0.0385219 608.198
-0.000444287 608.535
-0.0400692 608.873
-0.00161123 609.211
-0.0362701 609.549
-0.00777139 609.886
-0.0281755 610.224
-0.0172271 610.562
-0.0180132 610.899
-0.0273778 611.237
-0.00857742 611.575
-0.0354328 611.912
-0.00246209 612.25
-0.0391773 612.588
-0.00134955 612.926
-0.0375795 613.263
-0.00554932 613.601
-0.0310731 613.939
-0.0139133 614.276
-0.0214388 614.614
-0.0241505 614.952
-0.0113166 615.289
-0.033455 615.627
-0.00348115 615.965
-0.0392759 616.303
-8.11871e-05 616.64
-0.0400168 616.978
-0.00205031 617.316
-0.035473 617.653
-0.00885106 617.991
-0.0268876 618.329
-0.0186221 618.666
-0.0166111 619.004
-0.0286885 619.342
-0.00745674 619.68
-0.036295 620.017
-0.00192894 620.355
-0.0393621 620.693
-0.00153651 621.03
-0.0370558 621.368
-0.00637927 621.706
-0.0300162 622.043
-0.0151208 622.381
-0.0201821 622.719
-0.0253548 623.057
-0.0102596 623.394
-0.034265 623.732
-0.00297981 624.07
-0.039398 624.407
-0.000349602 624.745
-0.0393357 625.083
-0.00310147 625.42
-0.034084 625.758
-0.0104926 626.096
-0.0250715 626.434
-0.0205081 626.771
-0.0147576 627.109
-0.0304136 627.447
-0.00595858 627.784
-0.0375048 628.122
-0.00107512 628.46
-0.0398491 628.797
-0.001434 629.135
-0.0368158 629.473
-0.00692475 629.811
-0.0292479 630.148
-0.01603 630.486
-0.019232 630.824
-0.0262417 631.161
-0.0095258 631.499
-0.0347485 631.837
-0.00280165 632.174
-0.0392076 632.512
-0.000913605 632.85
-0.0383867 633.188
-0.00438898 633.525
-0.0325017 633.863
-0.0122838 634.201
-0.0231578 634.538
-0.0224413 634.876
-0.0129097 635.214
-0.0320833 635.551
-0.00456066 635.889
-0.0385721 636.227
-0.00039413 636.565
-0.040134 636.902
-0.00154749 637.24
-0.0363452 637.578
-0.00770048 637.915
-0.0282479 638.253
-0.017163 638.591
-0.0180649 638.928
-0.0273384 639.266
-0.00859 639.604
-0.0354355 639.942
-0.00242188 640.279
-0.0392342 640.617
-0.00125113 640.955
-0.0376941 641.292
-0.005397 641.63
-0.0312397 641.968
-0.0137199 642.305
-0.0216439 642.643
-0.0239338 642.981
-0.0115421 643.319
-0.033233 643.656
-0.0037097 643.994
-0.039062 644.332
-0.000300388 644.669
-0.0398162 645.007
-0.00225601 645.345
-0.0352817 645.682
-0.00904822 646.02
-0.0266937 646.358
-0.0188231 646.696
-0.0163985 647.033
-0.0289094 647.371
-0.00720994 647.709
-0.0365508 648.046
-0.00163777 648.384
-0.0396621 648.722
-0.00119936 649.059
-0.0374006 649.397
-0.00600401 649.735
-0.0303971 650.073
-0.0147232 650.41
-0.0205828 650.748
-0.0249546 651.086
-0.01066 651.423
-0.0338815 651.761
-0.00336124 652.099
-0.0390447 652.436
-0.000699105 652.774
-0.0390176 653.112
-0.00341484 653.45
-0.0337971 653.787
-0.0107749 654.125
-0.0248038 654.463
-0.0207716 654.8
-0.0144937 655.138
-0.030674 655.476
-0.00568424 655.813
-0.037776 656.151
-0.000781617 656.489
-0.0401393 656.827
-0.00112124 657.164
-0.037124 657.502
-0.00660181 657.84
-0.0295643 658.177
-0.0157132 658.515
-0.0195397 658.853
-0.0259505 659.19
-0.00980516 659.528
-0.0345008 659.866
-0.00303522 660.204
-0.0390151 660.541
-0.00109052 660.879
-0.0382523 661.217
-0.00450759 661.554
-0.0324188 661.892
-0.0123518 662.23
-0.0231127 662.567
-0.0224733 662.905
-0.0128853 663.243
-0.0320968 663.581
-0.00454151 663.918
-0.0385822 664.256
-0.000370695 664.594
-0.0401493 664.931
-0.00151884 665.269
-0.0363652 665.607
-0.00767456 665.944
-0.0282635 666.282
-0.0171545 666.62
-0.0180604 666.958
-0.0273644 667.295
-0.00854812 667.633
-0.035511 667.971
-0.00232821 668.308
-0.0393678 668.646
-0.00109861 668.984
-0.0378854 669.321
-0.00518811 669.659
-0.031479 669.997
-0.0134663 670.335
-0.0219147 670.672
-0.0236534 671.01
-0.0118253 671.348
-0.0329455 671.685
-0.00398795 672.023
-0.0387839 672.361
-0.00056279 672.698
-0.0395564 673.036
-0.00250027 673.374
-0.0350398 673.712
-0.00928077 674.049
-0.0264607 674.387
-0.0190568 674.725
-0.0161597 675.062
-0.0291595 675.4
-0.00694961 675.738
