9.95037e-08 0.0001
3.96044e-07 0.0002
8.8377e-07 0.0003
1.55312e-06 0.0004
2.3911e-06 0.0005
3.38169e-06 0.0006
4.50628e-06 0.0007
5.74425e-06 0.0008
7.07352e-06 0.0009
8.47123e-06 0.001
9.91435e-06 0.0011
1.13804e-05 0.0012
1.28478e-05 0.0013
1.42969e-05 0.0014
1.57101e-05 0.0015
1.70723e-05 0.0016
1.83715e-05 0.0017
1.95988e-05 0.0018
2.07484e-05 0.0019
2.1818e-05 0.002
2.28086e-05 0.0021
2.3724e-05 0.0022
2.45707e-05 0.0023
2.53579e-05 0.0024
2.60963e-05 0.0025
2.67984e-05 0.0026
2.74773e-05 0.0027
2.81469e-05 0.0028
2.88206e-05 0.0029
2.95114e-05 0.003
3.0231e-05 0.0031
3.09897e-05 0.0032
3.1796e-05 0.0033
3.26563e-05 0.0034
3.35745e-05 0.0035
3.45522e-05 0.0036
3.55889e-05 0.0037
3.66814e-05 0.0038
3.78247e-05 0.0039
3.90117e-05 0.004
4.02341e-05 0.0041
4.14821e-05 0.0042
4.27453e-05 0.0043
4.40129e-05 0.0044
4.52742e-05 0.0045
4.6519e-05 0.0046
4.77379e-05 0.0047
4.89228e-05 0.0048
5.0067e-05 0.0049
5.11656e-05 0.005
5.22157e-05 0.0051
5.32162e-05 0.0052
5.41679e-05 0.0053
5.50738e-05 0.0054
5.59383e-05 0.0055
5.67676e-05 0.0056
5.75691e-05 0.0057
5.8351e-05 0.0058
5.91223e-05 0.0059
5.98923e-05 0.006
6.06701e-05 0.0061
6.14643e-05 0.0062
6.22828e-05 0.0063
6.31324e-05 0.0064
6.40185e-05 0.0065
6.49452e-05 0.0066
6.59147e-05 0.0067
6.69275e-05 0.0068
6.79825e-05 0.0069
6.9077e-05 0.007
7.02066e-05 0.0071
7.13658e-05 0.0072
7.25478e-05 0.0073
7.37451e-05 0.0074
7.49497e-05 0.0075
7.61534e-05 0.0076
7.73483e-05 0.0077
7.85266e-05 0.0078
7.96815e-05 0.0079
8.08073e-05 0.008
8.18993e-05 0.0081
8.29543e-05 0.0082
8.39705e-05 0.0083
8.49478e-05 0.0084
8.58875e-05 0.0085
8.67924e-05 0.0086
8.76668e-05 0.0087
8.85159e-05 0.0088
8.93459e-05 0.0089
9.01638e-05 0.009
9.0977e-05 0.0091
9.17928e-05 0.0092
9.26184e-05 0.0093
9.34608e-05 0.0094
9.43259e-05 0.0095
9.52187e-05 0.0096
9.61434e-05 0.0097
9.71024e-05 0.0098
9.80972e-05 0.0099
9.91274e-05 0.01
0.000100192 0.0101
0.000101287 0.0102
0.000102409 0.0103
0.000103554 0.0104
0.000104714 0.0105
0.000105884 0.0106
0.000107056 0.0107
0.000108224 0.0108
0.000109382 0.0109
0.000110523 0.011
0.000111641 0.0111
0.000112733 0.0112
0.000113794 0.0113
0.000114824 0.0114
0.00011582 0.0115
0.000116783 0.0116
0.000117715 0.0117
0.000118619 0.0118
0.000119499 0.0119
0.00012036 0.012
0.000121208 0.0121
0.000122048 0.0122
0.000122887 0.0123
0.000123731 0.0124
0.000124587 0.0125
0.000125461 0.0126
0.000126356 0.0127
0.000127277 0.0128
0.000128227 0.0129
0.000129207 0.013
0.000130219 0.0131
0.000131261 0.0132
0.000132331 0.0133
0.000133428 0.0134
0.000134545 0.0135
0.00013568 0.0136
0.000136825 0.0137
0.000137976 0.0138
0.000139127 0.0139
0.000140271 0.014
0.000141403 0.0141
0.000142517 0.0142
0.00014361 0.0143
0.000144677 0.0144
0.000145717 0.0145
0.000146727 0.0146
0.000147708 0.0147
0.000148661 0.0148
0.000149587 0.0149
0.000150489 0.015
0.000151372 0.0151
0.000152241 0.0152
0.000153099 0.0153
0.000153954 0.0154
0.00015481 0.0155
0.000155674 0.0156
0.00015655 0.0157
0.000157442 0.0158
0.000158356 0.0159
0.000159294 0.016
0.000160257 0.0161
0.000161248 0.0162
0.000162265 0.0163
0.000163308 0.0164
0.000164373 0.0165
0.000165459 0.0166
0.000166559 0.0167
0.000167671 0.0168
0.000168787 0.0169
0.000169902 0.017
0.000171012 0.0171
0.000172109 0.0172
0.000173188 0.0173
0.000174245 0.0174
0.000175275 0.0175
0.000176276 0.0176
0.000177243 0.0177
0.000178176 0.0178
0.000179074 0.0179
0.000179938 0.018
0.000180768 0.0181
0.000181567 0.0182
0.000182338 0.0183
0.000183083 0.0184
0.000183806 0.0185
0.000184511 0.0186
0.000185201 0.0187
0.00018588 0.0188
0.000186549 0.0189
0.000187212 0.019
0.00018787 0.0191
0.000188522 0.0192
0.000189167 0.0193
0.000189805 0.0194
0.000190432 0.0195
0.000191043 0.0196
0.000191634 0.0197
0.0001922 0.0198
0.000192732 0.0199
0.000193225 0.02
0.00019367 0.0201
0.00019406 0.0202
0.000194388 0.0203
0.000194645 0.0204
0.000194825 0.0205
0.000194922 0.0206
0.000194931 0.0207
0.000194848 0.0208
0.000194668 0.0209
0.000194391 0.021
0.000194016 0.0211
0.000193543 0.0212
0.000192973 0.0213
0.00019231 0.0214
0.000191557 0.0215
0.000190719 0.0216
0.000189801 0.0217
0.000188809 0.0218
0.000187749 0.0219
0.000186627 0.022
0.000185451 0.0221
0.000184226 0.0222
0.000182958 0.0223
0.000181653 0.0224
0.000180316 0.0225
0.000178952 0.0226
0.000177564 0.0227
0.000176157 0.0228
0.000174733 0.0229
0.000173296 0.023
0.000171847 0.0231
0.000170389 0.0232
0.000168923 0.0233
0.000167452 0.0234
0.000165978 0.0235
0.000164504 0.0236
0.000163031 0.0237
0.000161564 0.0238
0.000160105 0.0239
0.000158658 0.024
0.000157229 0.0241
0.000155821 0.0242
0.000154441 0.0243
0.000153093 0.0244
0.000151783 0.0245
0.000150517 0.0246
0.000149299 0.0247
0.000148134 0.0248
0.000147028 0.0249
0.000145982 0.025
0.000144999 0.0251
0.000144082 0.0252
0.000143229 0.0253
0.00014244 0.0254
0.000141711 0.0255
0.00014104 0.0256
0.00014042 0.0257
0.000139846 0.0258
0.000139308 0.0259
0.000138798 0.026
0.000138307 0.0261
0.000137823 0.0262
0.000137336 0.0263
0.000136836 0.0264
0.000136311 0.0265
0.000135752 0.0266
0.000135148 0.0267
0.000134491 0.0268
0.000133774 0.0269
0.000132991 0.027
0.000132138 0.0271
0.000131212 0.0272
0.000130212 0.0273
0.00012914 0.0274
0.000127997 0.0275
0.000126789 0.0276
0.000125521 0.0277
0.000124201 0.0278
0.000122838 0.0279
0.00012144 0.028
0.000120018 0.0281
0.000118583 0.0282
0.000117146 0.0283
0.000115716 0.0284
0.000114304 0.0285
0.00011292 0.0286
0.000111571 0.0287
0.000110266 0.0288
0.000109009 0.0289
0.000107807 0.029
0.000106661 0.0291
0.000105573 0.0292
0.000104544 0.0293
0.000103572 0.0294
0.000102654 0.0295
0.000101786 0.0296
0.000100963 0.0297
0.000100179 0.0298
9.94265e-05 0.0299
9.86993e-05 0.03
9.79895e-05 0.0301
9.72894e-05 0.0302
9.65916e-05 0.0303
9.5889e-05 0.0304
9.51749e-05 0.0305
9.44432e-05 0.0306
9.36886e-05 0.0307
9.29067e-05 0.0308
9.20939e-05 0.0309
9.12476e-05 0.031
9.0366e-05 0.0311
8.94482e-05 0.0312
8.84943e-05 0.0313
8.75051e-05 0.0314
8.64821e-05 0.0315
8.54274e-05 0.0316
8.43437e-05 0.0317
8.3234e-05 0.0318
8.21017e-05 0.0319
8.09505e-05 0.032
7.9784e-05 0.0321
7.86061e-05 0.0322
7.74205e-05 0.0323
7.6231e-05 0.0324
7.5041e-05 0.0325
7.3854e-05 0.0326
7.26732e-05 0.0327
7.15016e-05 0.0328
7.03418e-05 0.0329
6.91965e-05 0.033
6.80679e-05 0.0331
6.6958e-05 0.0332
6.58685e-05 0.0333
6.48008e-05 0.0334
6.37562e-05 0.0335
6.27354e-05 0.0336
6.17391e-05 0.0337
6.07673e-05 0.0338
5.98199e-05 0.0339
5.88963e-05 0.034
5.79954e-05 0.0341
5.71158e-05 0.0342
5.62556e-05 0.0343
5.54125e-05 0.0344
5.45836e-05 0.0345
5.37658e-05 0.0346
5.29554e-05 0.0347
5.21486e-05 0.0348
5.13413e-05 0.0349
5.05291e-05 0.035
4.97076e-05 0.0351
4.88725e-05 0.0352
4.80197e-05 0.0353
4.71451e-05 0.0354
4.62455e-05 0.0355
4.53178e-05 0.0356
4.43598e-05 0.0357
4.33699e-05 0.0358
4.23476e-05 0.0359
4.12931e-05 0.036
4.02077e-05 0.0361
3.90936e-05 0.0362
3.7954e-05 0.0363
3.67932e-05 0.0364
3.5616e-05 0.0365
3.44283e-05 0.0366
3.32365e-05 0.0367
3.20473e-05 0.0368
3.08679e-05 0.0369
2.97056e-05 0.037
2.85673e-05 0.0371
2.74598e-05 0.0372
2.63893e-05 0.0373
2.53613e-05 0.0374
2.43803e-05 0.0375
2.34499e-05 0.0376
2.25724e-05 0.0377
2.17488e-05 0.0378
2.0979e-05 0.0379
2.02614e-05 0.038
1.95932e-05 0.0381
1.89705e-05 0.0382
1.83884e-05 0.0383
1.78409e-05 0.0384
1.73216e-05 0.0385
1.68236e-05 0.0386
1.63397e-05 0.0387
1.5863e-05 0.0388
1.53866e-05 0.0389
1.49048e-05 0.039
1.44122e-05 0.0391
1.39048e-05 0.0392
1.33798e-05 0.0393
1.2836e-05 0.0394
1.22736e-05 0.0395
1.16945e-05 0.0396
1.11021e-05 0.0397
1.05017e-05 0.0398
9.89972e-06 0.0399
9.30418e-06 0.04
8.72413e-06 0.0401
8.16956e-06 0.0402
7.65108e-06 0.0403
7.17962e-06 0.0404
6.76615e-06 0.0405
6.42134e-06 0.0406
6.15522e-06 0.0407
5.97694e-06 0.0408
5.89445e-06 0.0409
5.91428e-06 0.041
6.04135e-06 0.0411
6.27881e-06 0.0412
6.62796e-06 0.0413
7.08823e-06 0.0414
7.65716e-06 0.0415
8.33056e-06 0.0416
9.10257e-06 0.0417
9.96593e-06 0.0418
1.09121e-05 0.0419
1.19318e-05 0.042
1.30148e-05 0.0421
1.41509e-05 0.0422
1.53296e-05 0.0423
1.65409e-05 0.0424
1.77754e-05 0.0425
1.90246e-05 0.0426
2.0281e-05 0.0427
2.15386e-05 0.0428
2.27927e-05 0.0429
2.40401e-05 0.043
2.52795e-05 0.0431
2.65108e-05 0.0432
2.77353e-05 0.0433
2.89559e-05 0.0434
3.01763e-05 0.0435
3.14013e-05 0.0436
3.26361e-05 0.0437
3.38862e-05 0.0438
3.51572e-05 0.0439
3.64544e-05 0.044
3.77823e-05 0.0441
3.91445e-05 0.0442
4.05438e-05 0.0443
4.19813e-05 0.0444
4.34566e-05 0.0445
4.49681e-05 0.0446
4.6512e-05 0.0447
4.80833e-05 0.0448
4.96754e-05 0.0449
5.12801e-05 0.045
5.28881e-05 0.0451
5.44893e-05 0.0452
5.60728e-05 0.0453
5.76272e-05 0.0454
5.91413e-05 0.0455
6.06042e-05 0.0456
6.20055e-05 0.0457
6.3336e-05 0.0458
6.45876e-05 0.0459
6.57541e-05 0.046
6.68306e-05 0.0461
6.78146e-05 0.0462
6.87055e-05 0.0463
6.95048e-05 0.0464
7.02163e-05 0.0465
7.08455e-05 0.0466
7.14002e-05 0.0467
7.18897e-05 0.0468
7.23247e-05 0.0469
7.27173e-05 0.047
7.30802e-05 0.0471
7.34267e-05 0.0472
7.37705e-05 0.0473
7.41247e-05 0.0474
7.4502e-05 0.0475
7.49145e-05 0.0476
7.53726e-05 0.0477
7.58858e-05 0.0478
7.64616e-05 0.0479
7.7106e-05 0.048
7.78228e-05 0.0481
7.86143e-05 0.0482
7.94804e-05 0.0483
8.04197e-05 0.0484
8.14287e-05 0.0485
8.25027e-05 0.0486
8.36355e-05 0.0487
8.48198e-05 0.0488
8.60478e-05 0.0489
8.73109e-05 0.049
8.86004e-05 0.0491
8.99077e-05 0.0492
9.12245e-05 0.0493
9.2543e-05 0.0494
9.38563e-05 0.0495
9.51581e-05 0.0496
9.64436e-05 0.0497
9.77087e-05 0.0498
9.89508e-05 0.0499
0.000100168 0.05
0.00010136 0.0501
0.000102528 0.0502
0.000103672 0.0503
0.000104795 0.0504
0.000105899 0.0505
0.000106987 0.0506
0.000108062 0.0507
0.000109127 0.0508
0.000110185 0.0509
0.000111239 0.051
0.00011229 0.0511
0.000113339 0.0512
0.000114387 0.0513
0.000115433 0.0514
0.000116478 0.0515
0.000117519 0.0516
0.000118554 0.0517
0.00011958 0.0518
0.000120595 0.0519
0.000121595 0.052
0.000122577 0.0521
0.000123538 0.0522
0.000124475 0.0523
0.000125386 0.0524
0.000126269 0.0525
0.000127124 0.0526
0.00012795 0.0527
0.000128749 0.0528
0.000129522 0.0529
0.000130273 0.053
0.000131006 0.0531
0.000131726 0.0532
0.000132439 0.0533
0.00013315 0.0534
0.000133867 0.0535
0.000134596 0.0536
0.000135346 0.0537
0.000136122 0.0538
0.000136932 0.0539
0.000137781 0.054
0.000138674 0.0541
0.000139616 0.0542
0.000140608 0.0543
0.000141653 0.0544
0.000142751 0.0545
0.000143901 0.0546
0.000145099 0.0547
0.000146342 0.0548
0.000147624 0.0549
0.000148939 0.055
0.000150278 0.0551
0.000151634 0.0552
0.000152997 0.0553
0.000154357 0.0554
0.000155706 0.0555
0.000157034 0.0556
0.000158331 0.0557
0.00015959 0.0558
0.000160803 0.0559
0.000161963 0.056
0.000163066 0.0561
0.000164107 0.0562
0.000165084 0.0563
0.000165997 0.0564
0.000166846 0.0565
0.000167634 0.0566
0.000168364 0.0567
0.000169041 0.0568
0.000169672 0.0569
0.000170263 0.057
0.000170823 0.0571
0.00017136 0.0572
0.000171883 0.0573
0.0001724 0.0574
0.00017292 0.0575
0.000173452 0.0576
0.000174002 0.0577
0.000174577 0.0578
0.000175183 0.0579
0.000175823 0.058
0.000176501 0.0581
0.000177219 0.0582
0.000177975 0.0583
0.00017877 0.0584
0.000179601 0.0585
0.000180462 0.0586
0.00018135 0.0587
0.000182257 0.0588
0.000183177 0.0589
0.000184101 0.059
0.000185021 0.0591
0.000185928 0.0592
0.000186812 0.0593
0.000187666 0.0594
0.00018848 0.0595
0.000189246 0.0596
0.000189956 0.0597
0.000190604 0.0598
0.000191182 0.0599
0.000191688 0.06
0.000192115 0.0601
0.000192462 0.0602
0.000192727 0.0603
0.000192908 0.0604
0.000193007 0.0605
0.000193025 0.0606
0.000192963 0.0607
0.000192825 0.0608
0.000192615 0.0609
0.000192337 0.061
0.000191995 0.0611
0.000191595 0.0612
0.000191141 0.0613
0.000190639 0.0614
0.000190093 0.0615
0.000189508 0.0616
0.000188888 0.0617
0.000188237 0.0618
0.000187558 0.0619
0.000186854 0.062
0.000186127 0.0621
0.000185378 0.0622
0.000184607 0.0623
0.000183815 0.0624
0.000183002 0.0625
0.000182165 0.0626
0.000181305 0.0627
0.000180417 0.0628
0.000179501 0.0629
0.000178554 0.063
0.000177573 0.0631
0.000176556 0.0632
0.0001755 0.0633
0.000174404 0.0634
0.000173264 0.0635
0.000172079 0.0636
0.000170849 0.0637
0.000169572 0.0638
0.000168249 0.0639
0.00016688 0.064
0.000165466 0.0641
0.000164009 0.0642
0.000162512 0.0643
0.000160978 0.0644
0.00015941 0.0645
0.000157814 0.0646
0.000156193 0.0647
0.000154553 0.0648
0.000152899 0.0649
0.000151238 0.065
0.000149575 0.0651
0.000147917 0.0652
0.00014627 0.0653
0.00014464 0.0654
0.000143033 0.0655
0.000141454 0.0656
0.00013991 0.0657
0.000138404 0.0658
0.000136942 0.0659
0.000135527 0.066
0.000134163 0.0661
0.000132853 0.0662
0.000131599 0.0663
0.000130403 0.0664
0.000129264 0.0665
0.000128184 0.0666
0.000127163 0.0667
0.000126199 0.0668
0.00012529 0.0669
0.000124434 0.067
0.00012363 0.0671
0.000122872 0.0672
0.000122159 0.0673
0.000121485 0.0674
0.000120847 0.0675
0.00012024 0.0676
0.000119658 0.0677
0.000119098 0.0678
0.000118553 0.0679
0.000118019 0.068
0.000117489 0.0681
0.00011696 0.0682
0.000116426 0.0683
0.000115881 0.0684
0.000115322 0.0685
0.000114744 0.0686
0.000114141 0.0687
0.000113512 0.0688
0.000112851 0.0689
0.000112157 0.069
0.000111426 0.0691
0.000110657 0.0692
0.000109847 0.0693
0.000108996 0.0694
0.000108104 0.0695
0.00010717 0.0696
0.000106195 0.0697
0.00010518 0.0698
0.000104127 0.0699
0.000103038 0.07
0.000101917 0.0701
0.000100764 0.0702
9.95855e-05 0.0703
9.83834e-05 0.0704
9.7162e-05 0.0705
9.5925e-05 0.0706
9.46767e-05 0.0707
9.34209e-05 0.0708
9.21615e-05 0.0709
9.09021e-05 0.071
8.96462e-05 0.0711
8.83968e-05 0.0712
8.71565e-05 0.0713
8.59278e-05 0.0714
8.47124e-05 0.0715
8.35118e-05 0.0716
8.23267e-05 0.0717
8.11578e-05 0.0718
8.00049e-05 0.0719
7.8868e-05 0.072
7.77462e-05 0.0721
7.66387e-05 0.0722
7.55444e-05 0.0723
7.44622e-05 0.0724
7.33908e-05 0.0725
7.23292e-05 0.0726
7.12764e-05 0.0727
7.02315e-05 0.0728
6.91941e-05 0.0729
6.81641e-05 0.073
6.71416e-05 0.0731
6.61273e-05 0.0732
6.51221e-05 0.0733
6.41272e-05 0.0734
6.31443e-05 0.0735
6.21752e-05 0.0736
6.12221e-05 0.0737
6.02869e-05 0.0738
5.93719e-05 0.0739
5.84788e-05 0.074
5.76095e-05 0.0741
5.67651e-05 0.0742
5.59466e-05 0.0743
5.51542e-05 0.0744
5.43873e-05 0.0745
5.36448e-05 0.0746
5.29246e-05 0.0747
5.22239e-05 0.0748
5.15391e-05 0.0749
5.08655e-05 0.075
5.01981e-05 0.0751
4.95311e-05 0.0752
4.88581e-05 0.0753
4.81725e-05 0.0754
4.74674e-05 0.0755
4.67361e-05 0.0756
4.5972e-05 0.0757
4.5169e-05 0.0758
4.43216e-05 0.0759
4.34252e-05 0.076
4.24763e-05 0.0761
4.14725e-05 0.0762
4.04129e-05 0.0763
3.92979e-05 0.0764
3.81297e-05 0.0765
3.69118e-05 0.0766
3.56494e-05 0.0767
3.43492e-05 0.0768
3.30192e-05 0.0769
3.16687e-05 0.077
3.03078e-05 0.0771
2.89477e-05 0.0772
2.76e-05 0.0773
2.62764e-05 0.0774
2.49888e-05 0.0775
2.37486e-05 0.0776
2.25663e-05 0.0777
2.14518e-05 0.0778
2.04135e-05 0.0779
1.94585e-05 0.078
1.85921e-05 0.0781
1.78177e-05 0.0782
1.71368e-05 0.0783
1.6549e-05 0.0784
1.60517e-05 0.0785
1.56407e-05 0.0786
1.53096e-05 0.0787
1.50506e-05 0.0788
1.48545e-05 0.0789
1.4711e-05 0.079
1.46088e-05 0.0791
1.45365e-05 0.0792
1.44822e-05 0.0793
1.44344e-05 0.0794
1.43821e-05 0.0795
1.43154e-05 0.0796
1.42254e-05 0.0797
1.4105e-05 0.0798
1.39484e-05 0.0799
1.37521e-05 0.08
1.35145e-05 0.0801
1.32361e-05 0.0802
1.29193e-05 0.0803
1.25687e-05 0.0804
1.21908e-05 0.0805
1.17936e-05 0.0806
1.13867e-05 0.0807
1.09808e-05 0.0808
1.05874e-05 0.0809
1.02187e-05 0.081
9.88693e-06 0.0811
9.6041e-06 0.0812
9.38176e-06 0.0813
9.23059e-06 0.0814
9.16012e-06 0.0815
9.17851e-06 0.0816
9.29231e-06 0.0817
9.50632e-06 0.0818
9.82353e-06 0.0819
1.0245e-05 0.082
1.07701e-05 0.0821
1.13962e-05 0.0822
1.21193e-05 0.0823
1.29338e-05 0.0824
1.38329e-05 0.0825
1.4809e-05 0.0826
1.58537e-05 0.0827
1.69582e-05 0.0828
1.81137e-05 0.0829
1.93116e-05 0.083
2.05437e-05 0.0831
2.18025e-05 0.0832
2.30816e-05 0.0833
2.43754e-05 0.0834
2.56797e-05 0.0835
2.69913e-05 0.0836
2.83085e-05 0.0837
2.96305e-05 0.0838
3.09579e-05 0.0839
3.22921e-05 0.084
3.36352e-05 0.0841
3.49902e-05 0.0842
3.636e-05 0.0843
3.77481e-05 0.0844
3.91574e-05 0.0845
4.05908e-05 0.0846
4.20504e-05 0.0847
4.35376e-05 0.0848
4.50528e-05 0.0849
4.65952e-05 0.085
4.81633e-05 0.0851
4.97539e-05 0.0852
5.13629e-05 0.0853
5.29852e-05 0.0854
5.46146e-05 0.0855
5.62441e-05 0.0856
5.78661e-05 0.0857
5.94727e-05 0.0858
6.10558e-05 0.0859
6.26073e-05 0.086
6.41197e-05 0.0861
6.55861e-05 0.0862
6.70003e-05 0.0863
6.83573e-05 0.0864
6.96534e-05 0.0865
7.08861e-05 0.0866
7.20545e-05 0.0867
7.31592e-05 0.0868
7.42021e-05 0.0869
7.51869e-05 0.087
7.6118e-05 0.0871
7.70015e-05 0.0872
7.7844e-05 0.0873
7.86531e-05 0.0874
7.94364e-05 0.0875
8.02021e-05 0.0876
8.0958e-05 0.0877
8.17114e-05 0.0878
8.24693e-05 0.0879
8.32374e-05 0.088
8.40205e-05 0.0881
8.48222e-05 0.0882
8.56446e-05 0.0883
8.64884e-05 0.0884
8.7353e-05 0.0885
8.82364e-05 0.0886
8.91352e-05 0.0887
9.00451e-05 0.0888
9.09609e-05 0.0889
9.18766e-05 0.089
9.27858e-05 0.0891
9.36822e-05 0.0892
9.45595e-05 0.0893
9.5412e-05 0.0894
9.62345e-05 0.0895
9.70232e-05 0.0896
9.77751e-05 0.0897
9.84889e-05 0.0898
9.91648e-05 0.0899
9.98044e-05 0.09
0.000100411 0.0901
0.00010099 0.0902
0.000101547 0.0903
0.000102091 0.0904
0.00010263 0.0905
0.000103174 0.0906
0.000103734 0.0907
0.00010432 0.0908
0.000104942 0.0909
0.000105612 0.091
0.000106339 0.0911
0.000107131 0.0912
0.000107995 0.0913
0.000108938 0.0914
0.000109964 0.0915
0.000111074 0.0916
0.000112268 0.0917
0.000113545 0.0918
0.000114901 0.0919
0.00011633 0.092
0.000117824 0.0921
0.000119374 0.0922
0.000120969 0.0923
0.000122597 0.0924
0.000124246 0.0925
0.000125902 0.0926
0.000127554 0.0927
0.000129187 0.0928
0.00013079 0.0929
0.000132351 0.093
0.000133859 0.0931
0.000135306 0.0932
0.000136684 0.0933
0.000137987 0.0934
0.000139213 0.0935
0.000140357 0.0936
0.000141421 0.0937
0.000142405 0.0938
0.000143314 0.0939
0.000144151 0.094
0.000144922 0.0941
0.000145636 0.0942
0.000146299 0.0943
0.000146921 0.0944
0.00014751 0.0945
0.000148075 0.0946
0.000148626 0.0947
0.000149171 0.0948
0.000149718 0.0949
0.000150275 0.095
0.000150847 0.0951
0.00015144 0.0952
0.00015206 0.0953
0.000152709 0.0954
0.000153389 0.0955
0.000154103 0.0956
0.00015485 0.0957
0.00015563 0.0958
0.000156443 0.0959
0.000157285 0.096
0.000158156 0.0961
0.000159051 0.0962
0.000159969 0.0963
0.000160906 0.0964
0.00016186 0.0965
0.000162826 0.0966
0.000163802 0.0967
0.000164785 0.0968
0.000165773 0.0969
0.000166763 0.097
0.000167753 0.0971
0.000168741 0.0972
0.000169726 0.0973
0.000170706 0.0974
0.00017168 0.0975
0.000172645 0.0976
0.000173602 0.0977
0.000174548 0.0978
0.000175481 0.0979
0.000176402 0.098
0.000177307 0.0981
0.000178195 0.0982
0.000179064 0.0983
0.000179912 0.0984
0.000180738 0.0985
0.000181539 0.0986
0.000182313 0.0987
0.000183059 0.0988
0.000183773 0.0989
0.000184456 0.099
0.000185104 0.0991
0.000185718 0.0992
0.000186294 0.0993
0.000186834 0.0994
0.000187335 0.0995
0.000187798 0.0996
0.000188222 0.0997
0.000188608 0.0998
0.000188955 0.0999
0.000189264 0.1
0.000189534 0.1001
