0 -0
-6.76471e-05 -0.00933333
-0.000135294 -0.0186667
-0.00020294 -0.028
-0.000270585 -0.0373333
-0.000338229 -0.0466667
-0.000405873 -0.056
-0.000473517 -0.0653333
-0.00054116 -0.0746667
-0.000608802 -0.084
-0.000676443 -0.0933333
-0.000744084 -0.102667
-0.000811724 -0.112
-0.000879364 -0.121333
-0.000947003 -0.130667
-0.00101464 -0.14
-0.00108228 -0.149333
-0.00114992 -0.158667
-0.00121755 -0.168
-0.00128519 -0.177333
-0.00135282 -0.186667
-0.00142046 -0.196
-0.00148809 -0.205333
-0.00155573 -0.214667
-0.00162336 -0.224
-0.00169099 -0.233333
-0.00175862 -0.242667
-0.00182625 -0.252
-0.00189388 -0.261333
-0.00196151 -0.270667
-0.00202914 -0.28
-0.00209677 -0.289333
-0.0021644 -0.298667
-0.00223203 -0.308
-0.00229965 -0.317333
-0.00236728 -0.326667
-0.0024349 -0.336
-0.00250253 -0.345333
-0.00257015 -0.354667
-0.00263778 -0.364
-0.0027054 -0.373333
-0.00277302 -0.382667
-0.00284064 -0.392
-0.00290826 -0.401333
-0.00297588 -0.410667
-0.0030435 -0.42
-0.00311112 -0.429333
-0.00317874 -0.438667
-0.00324636 -0.448
-0.00331398 -0.457333
-0.00338159 -0.466667
-0.00344921 -0.476
-0.00351682 -0.485333
-0.00358444 -0.494667
-0.00365205 -0.504
-0.00371967 -0.513333
-0.00378728 -0.522667
-0.00385489 -0.532
-0.0039225 -0.541333
-0.00399011 -0.550667
-0.00405773 -0.56
-0.00412533 -0.569333
-0.00419294 -0.578667
-0.00426055 -0.588
-0.00432816 -0.597333
-0.00439577 -0.606667
-0.00446337 -0.616
-0.00453098 -0.625333
-0.00459859 -0.634667
-0.00466619 -0.644
-0.00473379 -0.653333
-0.0048014 -0.662667
-0.004869 -0.672
-0.0049366 -0.681333
-0.0050042 -0.690667
-0.00507181 -0.7
-0.00513941 -0.709333
-0.00520701 -0.718667
-0.00527461 -0.728
-0.0053422 -0.737333
-0.0054098 -0.746667
-0.0054774 -0.756
-0.005545 -0.765333
-0.00561259 -0.774667
-0.00568019 -0.784
-0.00574778 -0.793333
-0.00581538 -0.802667
-0.00588297 -0.812
-0.00595056 -0.821333
-0.00601816 -0.830667
-0.00608575 -0.84
-0.00615334 -0.849333
-0.00622093 -0.858667
-0.00628852 -0.868
-0.00635611 -0.877333
-0.0064237 -0.886667
-0.00649128 -0.896
-0.00655887 -0.905333
-0.00662646 -0.914667
-0.00669404 -0.924
-0.00676163 -0.933333
-0.00682921 -0.942667
-0.0068968 -0.952
-0.00696438 -0.961333
-0.00703197 -0.970667
-0.00709955 -0.98
-0.00716713 -0.989333
-0.00723471 -0.998667
-0.00730229 -1.008
-0.00736987 -1.01733
-0.00743745 -1.02667
-0.00750503 -1.036
-0.00757261 -1.04533
-0.00764018 -1.05467
-0.00770776 -1.064
-0.00777534 -1.07333
-0.00784291 -1.08267
-0.00791049 -1.092
-0.00797806 -1.10133
-0.00804564 -1.11067
-0.00811321 -1.12
-0.00818078 -1.12933
-0.00824835 -1.13867
-0.00831592 -1.148
-0.00838349 -1.15733
-0.00845106 -1.16667
-0.00851863 -1.176
-0.0085862 -1.18533
-0.00865377 -1.19467
-0.00872134 -1.204
-0.00878891 -1.21333
-0.00885647 -1.22267
-0.00892404 -1.232
-0.0089916 -1.24133
-0.00905917 -1.25067
-0.00912673 -1.26
-0.00919429 -1.26933
-0.00926186 -1.27867
-0.00932942 -1.288
-0.00939698 -1.29733
-0.00946454 -1.30667
-0.0095321 -1.316
-0.00959966 -1.32533
-0.00966722 -1.33467
-0.00973478 -1.344
-0.00980233 -1.35333
-0.00986989 -1.36267
-0.00993745 -1.372
-0.010005 -1.38133
-0.0100726 -1.39067
-0.0101401 -1.4
-0.0102077 -1.40933
-0.0102752 -1.41867
-0.0103428 -1.428
-0.0104103 -1.43733
-0.0104779 -1.44667
-0.0105454 -1.456
-0.010613 -1.46533
-0.0106805 -1.47467
-0.0107481 -1.484
-0.0108156 -1.49333
-0.0108832 -1.50267
-0.0109507 -1.512
-0.0110183 -1.52133
-0.0110858 -1.53067
-0.0111534 -1.54
-0.0112209 -1.54933
-0.0112884 -1.55867
-0.011356 -1.568
-0.0114235 -1.57733
-0.0114911 -1.58667
-0.0115586 -1.596
-0.0116262 -1.60533
-0.0116937 -1.61467
-0.0117612 -1.624
-0.0118288 -1.63333
-0.0118963 -1.64267
-0.0119638 -1.652
-0.0120314 -1.66133
-0.0120989 -1.67067
-0.0121665 -1.68
-0.012234 -1.68933
-0.0123015 -1.69867
-0.0123691 -1.708
-0.0124366 -1.71733
-0.0125041 -1.72667
-0.0125717 -1.736
-0.0126392 -1.74533
-0.0127067 -1.75467
-0.0127742 -1.764
-0.0128418 -1.77333
-0.0129093 -1.78267
-0.0129768 -1.792
-0.0130444 -1.80133
-0.0131119 -1.81067
-0.0131794 -1.82
-0.0132469 -1.82933
-0.0133145 -1.83867
-0.013382 -1.848
-0.0134495 -1.85733
-0.013517 -1.86667
-0.0135846 -1.876
-0.0136521 -1.88533
-0.0137196 -1.89467
-0.0137871 -1.904
-0.0138546 -1.91333
-0.0139222 -1.92267
-0.0139897 -1.932
-0.0140572 -1.94133
-0.0141247 -1.95067
-0.0141922 -1.96
-0.0142598 -1.96933
-0.0143273 -1.97867
-0.0143948 -1.988
-0.0144623 -1.99733
-0.0145298 -2.00667
-0.0145973 -2.016
-0.0146648 -2.02533
-0.0147324 -2.03467
-0.0147999 -2.044
-0.0148674 -2.05333
-0.0149349 -2.06267
-0.0150024 -2.072
-0.0150699 -2.08133
-0.0151374 -2.09067
-0.0152049 -2.1
-0.0152724 -2.10933
-0.0153399 -2.11867
-0.0154074 -2.128
-0.0154749 -2.13733
-0.0155425 -2.14667
-0.01561 -2.156
-0.0156775 -2.16533
-0.015745 -2.17467
-0.0158125 -2.184
-0.01588 -2.19333
-0.0159475 -2.20267
-0.016015 -2.212
-0.0160825 -2.22133
-0.01615 -2.23067
-0.0162175 -2.24
-0.016285 -2.24933
-0.0163525 -2.25867
-0.01642 -2.268
-0.0164875 -2.27733
-0.0165549 -2.28667
-0.0166224 -2.296
-0.0166899 -2.30533
-0.0167574 -2.31467
-0.0168249 -2.324
-0.0168924 -2.33333
-0.0169599 -2.34267
-0.0170274 -2.352
-0.0170949 -2.36133
-0.0171624 -2.37067
-0.0172299 -2.38
-0.0172974 -2.38933
-0.0173648 -2.39867
-0.0174323 -2.408
-0.0174998 -2.41733
-0.0175673 -2.42667
-0.0176348 -2.436
-0.0177023 -2.44533
-0.0177698 -2.45467
-0.0178372 -2.464
-0.0179047 -2.47333
-0.0179722 -2.48267
-0.0180397 -2.492
-0.0181072 -2.50133
-0.0181747 -2.51067
-0.0182421 -2.52
-0.0183096 -2.52933
-0.0183771 -2.53867
-0.0184446 -2.548
-0.018512 -2.55733
-0.0185795 -2.56667
-0.018647 -2.576
-0.0187145 -2.58533
-0.018782 -2.59467
-0.0188494 -2.604
-0.0189169 -2.61333
-0.0189844 -2.62267
-0.0190518 -2.632
-0.0191193 -2.64133
-0.0191868 -2.65067
-0.0192543 -2.66
-0.0193217 -2.66933
-0.0193892 -2.67867
-0.0194567 -2.688
-0.0195241 -2.69733
-0.0195916 -2.70667
-0.0196591 -2.716
-0.0197265 -2.72533
-0.019794 -2.73467
-0.0198615 -2.744
-0.0199289 -2.75333
-0.0199964 -2.76267
-0.0200639 -2.772
-0.0201313 -2.78133
-0.0201988 -2.79067
-0.0202662 -2.8
-0.0203337 -2.80933
-0.0204012 -2.81867
-0.0204686 -2.828
-0.0205361 -2.83733
-0.0206035 -2.84667
-0.020671 -2.856
-0.0207385 -2.86533
-0.0208059 -2.87467
-0.0208734 -2.884
-0.0209408 -2.89333
-0.0210083 -2.90267
-0.0210757 -2.912
-0.0211432 -2.92133
-0.0212106 -2.93067
-0.0212781 -2.94
-0.0213455 -2.94933
-0.021413 -2.95867
-0.0214804 -2.968
-0.0215479 -2.97733
-0.0216153 -2.98667
-0.0216828 -2.996
-0.0217502 -3.00533
-0.0218177 -3.01467
-0.0218851 -3.024
-0.0219526 -3.03333
-0.02202 -3.04267
-0.0220875 -3.052
-0.0221549 -3.06133
-0.0222224 -3.07067
-0.0222898 -3.08
-0.0223572 -3.08933
-0.0224247 -3.09867
-0.0224921 -3.108
-0.0225596 -3.11733
-0.022627 -3.12667
-0.0226944 -3.136
-0.0227619 -3.14533
-0.0228293 -3.15467
-0.0228968 -3.164
-0.0229642 -3.17333
-0.0230316 -3.18267
-0.0230991 -3.192
-0.0231665 -3.20133
-0.0232339 -3.21067
-0.0233014 -3.22
-0.0233688 -3.22933
-0.0234362 -3.23867
-0.0235037 -3.248
-0.0235711 -3.25733
-0.0236385 -3.26667
-0.023706 -3.276
-0.0237734 -3.28533
-0.0238408 -3.29467
-0.0239082 -3.304
-0.0239757 -3.31333
-0.0240431 -3.32267
-0.0241105 -3.332
-0.0241779 -3.34133
-0.0242454 -3.35067
-0.0243128 -3.36
-0.0243802 -3.36933
-0.0244476 -3.37867
-0.0245151 -3.388
-0.0245825 -3.39733
-0.0246499 -3.40667
-0.0247173 -3.416
-0.0247848 -3.42533
-0.0248522 -3.43467
-0.0249196 -3.444
-0.024987 -3.45333
-0.0250544 -3.46267
-0.0251218 -3.472
-0.0251893 -3.48133
-0.0252567 -3.49067
-0.0253241 -3.5
-0.0253915 -3.50933
-0.0254589 -3.51867
-0.0255263 -3.528
-0.0255937 -3.53733
-0.0256612 -3.54667
-0.0257286 -3.556
-0.025796 -3.56533
-0.0258634 -3.57467
-0.0259308 -3.584
-0.0259982 -3.59333
-0.0260656 -3.60267
-0.026133 -3.612
-0.0262004 -3.62133
-0.0262678 -3.63067
-0.0263352 -3.64
-0.0264026 -3.64933
-0.02647 -3.65867
-0.0265375 -3.668
-0.0266049 -3.67733
-0.0266723 -3.68667
-0.0267397 -3.696
-0.0268071 -3.70533
-0.0268745 -3.71467
-0.0269419 -3.724
-0.0270093 -3.73333
-0.0270767 -3.74267
-0.0271441 -3.752
-0.0272115 -3.76133
-0.0272789 -3.77067
-0.0273463 -3.78
-0.0274136 -3.78933
-0.027481 -3.79867
-0.0275484 -3.808
-0.0276158 -3.81733
-0.0276832 -3.82667
-0.0277506 -3.836
-0.027818 -3.84533
-0.0278854 -3.85467
-0.0279528 -3.864
-0.0280202 -3.87333
-0.0280876 -3.88267
-0.028155 -3.892
-0.0282224 -3.90133
-0.0282897 -3.91067
-0.0283571 -3.92
-0.0284245 -3.92933
-0.0284919 -3.93867
-0.0285593 -3.948
-0.0286267 -3.95733
-0.0286941 -3.96667
-0.0287614 -3.976
-0.0288288 -3.98533
-0.0288962 -3.99467
-0.0289636 -4.004
-0.029031 -4.01333
-0.0290983 -4.02267
-0.0291657 -4.032
-0.0292331 -4.04133
-0.0293005 -4.05067
-0.0293679 -4.06
-0.0294352 -4.06933
-0.0295026 -4.07867
-0.02957 -4.088
-0.0296374 -4.09733
-0.0297047 -4.10667
-0.0297721 -4.116
-0.0298395 -4.12533
-0.0299069 -4.13467
-0.0299742 -4.144
-0.0300416 -4.15333
-0.030109 -4.16267
-0.0301763 -4.172
-0.0302437 -4.18133
-0.0303111 -4.19067
-0.0303785 -4.2
-0.0304458 -4.20933
-0.0305132 -4.21867
-0.0305806 -4.228
-0.0306479 -4.23733
-0.0307153 -4.24667
-0.0307827 -4.256
-0.03085 -4.26533
-0.0309174 -4.27467
-0.0309847 -4.284
-0.0310521 -4.29333
-0.0311195 -4.30267
-0.0311868 -4.312
-0.0312542 -4.32133
-0.0313216 -4.33067
-0.0313889 -4.34
-0.0314563 -4.34933
-0.0315236 -4.35867
-0.031591 -4.368
-0.0316583 -4.37733
-0.0317257 -4.38667
-0.0317931 -4.396
-0.0318604 -4.40533
-0.0319278 -4.41467
-0.0319951 -4.424
-0.0320625 -4.43333
-0.0321298 -4.44267
-0.0321972 -4.452
-0.0322645 -4.46133
-0.0323319 -4.47067
-0.0323992 -4.48
-0.0324666 -4.48933
-0.0325339 -4.49867
-0.0326013 -4.508
-0.0326686 -4.51733
-0.032736 -4.52667
-0.0328033 -4.536
-0.0328707 -4.54533
-0.032938 -4.55467
-0.0330054 -4.564
-0.0330727 -4.57333
-0.03314 -4.58267
-0.0332074 -4.592
-0.0332747 -4.60133
-0.0333421 -4.61067
-0.0334094 -4.62
-0.0334768 -4.62933
-0.0335441 -4.63867
-0.0336114 -4.648
-0.0336788 -4.65733
-0.0337461 -4.66667
-0.0338134 -4.676
-0.0338808 -4.68533
-0.0339481 -4.69467
-0.0340155 -4.704
-0.0340828 -4.71333
-0.0341501 -4.72267
-0.0342175 -4.732
-0.0342848 -4.74133
-0.0343521 -4.75067
-0.0344195 -4.76
-0.0344868 -4.76933
-0.0345541 -4.77867
-0.0346214 -4.788
-0.0346888 -4.79733
-0.0347561 -4.80667
-0.0348234 -4.816
-0.0348908 -4.82533
-0.0349581 -4.83467
-0.0350254 -4.844
-0.0350927 -4.85333
-0.0351601 -4.86267
-0.0352274 -4.872
-0.0352947 -4.88133
-0.035362 -4.89067
-0.0354294 -4.9
-0.0354967 -4.90933
-0.035564 -4.91867
-0.0356313 -4.928
-0.0356986 -4.93733
-0.035766 -4.94667
-0.0358333 -4.956
-0.0359006 -4.96533
-0.0359679 -4.97467
-0.0360352 -4.984
-0.0361025 -4.99333
-0.0361699 -5.00267
-0.0362372 -5.012
-0.0363045 -5.02133
-0.0363718 -5.03067
-0.0364391 -5.04
-0.0365064 -5.04933
-0.0365737 -5.05867
-0.0366411 -5.068
-0.0367084 -5.07733
-0.0367757 -5.08667
-0.036843 -5.096
-0.0369103 -5.10533
-0.0369776 -5.11467
-0.0370449 -5.124
-0.0371122 -5.13333
-0.0371795 -5.14267
-0.0372468 -5.152
-0.0373141 -5.16133
-0.0373814 -5.17067
-0.0374487 -5.18
-0.037516 -5.18933
-0.0375834 -5.19867
-0.0376507 -5.208
-0.037718 -5.21733
-0.0377853 -5.22667
-0.0378526 -5.236
-0.0379199 -5.24533
-0.0379872 -5.25467
-0.0380545 -5.264
-0.0381218 -5.27333
-0.038189 -5.28267
-0.0382563 -5.292
-0.0383236 -5.30133
-0.0383909 -5.31067
-0.0384582 -5.32
-0.0385255 -5.32933
-0.0385928 -5.33867
-0.0386601 -5.348
-0.0387274 -5.35733
-0.0387947 -5.36667
-0.038862 -5.376
-0.0389293 -5.38533
-0.0389966 -5.39467
-0.0390639 -5.404
-0.0391311 -5.41333
-0.0391984 -5.42267
-0.0392657 -5.432
-0.039333 -5.44133
-0.0394003 -5.45067
-0.0394676 -5.46
-0.0395349 -5.46933
-0.0396022 -5.47867
-0.0396694 -5.488
-0.0397367 -5.49733
-0.039804 -5.50667
-0.0398713 -5.516
-0.0399386 -5.52533
-0.0400058 -5.53467
-0.0400731 -5.544
-0.0401404 -5.55333
-0.0402077 -5.56267
-0.040275 -5.572
-0.0403422 -5.58133
-0.0404095 -5.59067
-0.0404768 -5.6
-0.0405441 -5.60933
-0.0406113 -5.61867
-0.0406786 -5.628
-0.0407459 -5.63733
-0.0408132 -5.64667
-0.0408804 -5.656
-0.0409477 -5.66533
-0.041015 -5.67467
-0.0410823 -5.684
-0.0411495 -5.69333
-0.0412168 -5.70267
-0.0412841 -5.712
-0.0413513 -5.72133
-0.0414186 -5.73067
-0.0414859 -5.74
-0.0415531 -5.74933
-0.0416204 -5.75867
-0.0416877 -5.768
-0.0417549 -5.77733
-0.0418222 -5.78667
-0.0418895 -5.796
-0.0419567 -5.80533
-0.042024 -5.81467
-0.0420912 -5.824
-0.0421585 -5.83333
-0.0422258 -5.84267
-0.042293 -5.852
-0.0423603 -5.86133
-0.0424275 -5.87067
-0.0424948 -5.88
-0.0425621 -5.88933
-0.0426293 -5.89867
-0.0426966 -5.908
-0.0427638 -5.91733
-0.0428311 -5.92667
-0.0428983 -5.936
-0.0429656 -5.94533
-0.0430328 -5.95467
-0.0431001 -5.964
-0.0431673 -5.97333
-0.0432346 -5.98267
-0.0433018 -5.992
-0.0433691 -6.00133
-0.0434363 -6.01067
-0.0435036 -6.02
-0.0435708 -6.02933
-0.0436381 -6.03867
-0.0437053 -6.048
-0.0437726 -6.05733
-0.0438398 -6.06667
-0.0439071 -6.076
-0.0439743 -6.08533
-0.0440416 -6.09467
-0.0441088 -6.104
-0.044176 -6.11333
-0.0442433 -6.12267
-0.0443105 -6.132
-0.0443778 -6.14133
-0.044445 -6.15067
-0.0445123 -6.16
-0.0445795 -6.16933
-0.0446467 -6.17867
-0.044714 -6.188
-0.0447812 -6.19733
-0.0448484 -6.20667
-0.0449157 -6.216
-0.0449829 -6.22533
-0.0450501 -6.23467
-0.0451174 -6.244
-0.0451846 -6.25333
-0.0452518 -6.26267
-0.0453191 -6.272
-0.0453863 -6.28133
-0.0454535 -6.29067
-0.0455208 -6.3
-0.045588 -6.30933
-0.0456552 -6.31867
-0.0457225 -6.328
-0.0457897 -6.33733
-0.0458569 -6.34667
-0.0459241 -6.356
-0.0459914 -6.36533
-0.0460586 -6.37467
-0.0461258 -6.384
-0.046193 -6.39333
-0.0462603 -6.40267
-0.0463275 -6.412
-0.0463947 -6.42133
-0.0464619 -6.43067
-0.0465292 -6.44
-0.0465964 -6.44933
-0.0466636 -6.45867
-0.0467308 -6.468
-0.046798 -6.47733
-0.0468653 -6.48667
-0.0469325 -6.496
-0.0469997 -6.50533
-0.0470669 -6.51467
-0.0471341 -6.524
-0.0472013 -6.53333
-0.0472685 -6.54267
-0.0473358 -6.552
-0.047403 -6.56133
-0.0474702 -6.57067
-0.0475374 -6.58
-0.0476046 -6.58933
-0.0476718 -6.59867
-0.047739 -6.608
-0.0478062 -6.61733
-0.0478734 -6.62667
-0.0479407 -6.636
-0.0480079 -6.64533
-0.0480751 -6.65467
-0.0481423 -6.664
-0.0482095 -6.67333
-0.0482767 -6.68267
-0.0483439 -6.692
-0.0484111 -6.70133
-0.0484783 -6.71067
-0.0485455 -6.72
-0.0486127 -6.72933
-0.0486799 -6.73867
-0.0487471 -6.748
-0.0488143 -6.75733
-0.0488815 -6.76667
-0.0489487 -6.776
-0.0490159 -6.78533
-0.0490831 -6.79467
-0.0491503 -6.804
-0.0492175 -6.81333
-0.0492847 -6.82267
-0.0493519 -6.832
-0.0494191 -6.84133
-0.0494863 -6.85067
-0.0495535 -6.86
-0.0496207 -6.86933
-0.0496879 -6.87867
-0.049755 -6.888
-0.0498222 -6.89733
-0.0498894 -6.90667
-0.0499931 -6.916
-0.0501894 -6.92533
-0.0503857 -6.93467
-0.0505819 -6.944
-0.0507782 -6.95333
-0.0509745 -6.96267
-0.0511708 -6.972
-0.051367 -6.98133
-0.0515633 -6.99067
-0.0517596 -7
-0.0519558 -7.00933
-0.0521521 -7.01867
-0.0523483 -7.028
-0.0525446 -7.03733
-0.0527408 -7.04667
-0.0529371 -7.056
-0.0531333 -7.06533
-0.0533295 -7.07467
-0.0535258 -7.084
-0.053722 -7.09333
-0.0539182 -7.10267
-0.0541144 -7.112
-0.0543106 -7.12133
-0.0545068 -7.13067
-0.054703 -7.14
-0.0548992 -7.14933
-0.0550954 -7.15867
-0.0552916 -7.168
-0.0554878 -7.17733
-0.055684 -7.18667
-0.0558801 -7.196
-0.0560763 -7.20533
-0.0562725 -7.21467
-0.0564686 -7.224
-0.0566648 -7.23333
-0.0568609 -7.24267
-0.0570571 -7.252
-0.0572532 -7.26133
-0.0574494 -7.27067
-0.0576455 -7.28
-0.0578417 -7.28933
-0.0580378 -7.29867
-0.0582339 -7.308
-0.05843 -7.31733
-0.0586261 -7.32667
-0.0588223 -7.336
-0.0590184 -7.34533
-0.0592145 -7.35467
-0.0594106 -7.364
-0.0596067 -7.37333
-0.0598028 -7.38267
-0.0599988 -7.392
-0.0601949 -7.40133
-0.060391 -7.41067
-0.0605871 -7.42
-0.0607831 -7.42933
-0.0609792 -7.43867
-0.0611753 -7.448
-0.0613713 -7.45733
-0.0615674 -7.46667
-0.0617634 -7.476
-0.0619595 -7.48533
-0.0621555 -7.49467
-0.0623516 -7.504
-0.0625476 -7.51333
-0.0627436 -7.52267
-0.0629396 -7.532
-0.0631357 -7.54133
-0.0633317 -7.55067
-0.0635277 -7.56
-0.0637237 -7.56933
-0.0639197 -7.57867
-0.0641157 -7.588
-0.0643117 -7.59733
-0.0645077 -7.60667
-0.0647037 -7.616
-0.0648997 -7.62533
-0.0650956 -7.63467
-0.0652916 -7.644
-0.0654876 -7.65333
-0.0656836 -7.66267
-0.0658795 -7.672
-0.0660755 -7.68133
-0.0662714 -7.69067
-0.0664674 -7.7
-0.0666633 -7.70933
-0.0668593 -7.71867
-0.0670552 -7.728
-0.0672511 -7.73733
-0.0674471 -7.74667
-0.067643 -7.756
-0.0678389 -7.76533
-0.0680348 -7.77467
-0.0682307 -7.784
-0.0684266 -7.79333
-0.0686225 -7.80267
-0.0688184 -7.812
-0.0690143 -7.82133
-0.0692102 -7.83067
-0.0694061 -7.84
-0.069602 -7.84933
-0.0697979 -7.85867
-0.0699937 -7.868
-0.0701896 -7.87733
-0.0703855 -7.88667
-0.0705813 -7.896
-0.0707772 -7.90533
-0.0709731 -7.91467
-0.0711689 -7.924
-0.0713648 -7.93333
-0.0715606 -7.94267
-0.0717564 -7.952
-0.0719523 -7.96133
-0.0721481 -7.97067
-0.0723439 -7.98
-0.0725397 -7.98933
-0.0727356 -7.99867
-0.0729314 -8.008
-0.0731272 -8.01733
-0.073323 -8.02667
-0.0735188 -8.036
-0.0737146 -8.04533
-0.0739104 -8.05467
-0.0741061 -8.064
-0.0743019 -8.07333
-0.0744977 -8.08267
-0.0746935 -8.092
-0.0748893 -8.10133
-0.075085 -8.11067
-0.0752808 -8.12
-0.0754765 -8.12933
-0.0756723 -8.13867
-0.075868 -8.148
-0.0760638 -8.15733
-0.0762595 -8.16667
-0.0764553 -8.176
-0.076651 -8.18533
-0.0768467 -8.19467
-0.0770425 -8.204
-0.0772382 -8.21333
-0.0774339 -8.22267
-0.0776296 -8.232
-0.0778253 -8.24133
-0.078021 -8.25067
-0.0782167 -8.26
-0.0784124 -8.26933
-0.0786081 -8.27867
-0.0788038 -8.288
-0.0789995 -8.29733
-0.0791951 -8.30667
-0.0793908 -8.316
-0.0795865 -8.32533
-0.0797822 -8.33467
-0.0799778 -8.344
-0.0801735 -8.35333
-0.0803691 -8.36267
-0.0805648 -8.372
-0.0807604 -8.38133
-0.0809561 -8.39067
-0.0811517 -8.4
-0.0813473 -8.40933
-0.081543 -8.41867
-0.0817386 -8.428
-0.0819342 -8.43733
-0.0821298 -8.44667
-0.0823254 -8.456
-0.0825211 -8.46533
-0.0827167 -8.47467
-0.0829123 -8.484
-0.0831079 -8.49333
-0.0833034 -8.50267
-0.083499 -8.512
-0.0836946 -8.52133
-0.0838902 -8.53067
-0.0840858 -8.54
-0.0842813 -8.54933
-0.0844769 -8.55867
-0.0846725 -8.568
-0.084868 -8.57733
-0.0850636 -8.58667
-0.0852591 -8.596
-0.0854547 -8.60533
-0.0856502 -8.61467
-0.0858458 -8.624
-0.0860413 -8.63333
-0.0862368 -8.64267
-0.0864323 -8.652
-0.0866279 -8.66133
-0.0868234 -8.67067
-0.0870189 -8.68
-0.0872144 -8.68933
-0.0874099 -8.69867
-0.0876054 -8.708
-0.0878009 -8.71733
-0.0879964 -8.72667
-0.0881919 -8.736
-0.0883874 -8.74533
-0.0885828 -8.75467
-0.0887783 -8.764
-0.0889738 -8.77333
-0.0891693 -8.78267
-0.0893647 -8.792
-0.0895602 -8.80133
-0.0897556 -8.81067
-0.0899511 -8.82
-0.0901465 -8.82933
-0.090342 -8.83867
-0.0905374 -8.848
-0.0907329 -8.85733
-0.0909283 -8.86667
-0.0911237 -8.876
-0.0913191 -8.88533
-0.0915145 -8.89467
-0.09171 -8.904
-0.0919054 -8.91333
-0.0921008 -8.92267
-0.0922962 -8.932
-0.0924916 -8.94133
-0.092687 -8.95067
-0.0928824 -8.96
-0.0930777 -8.96933
-0.0932731 -8.97867
-0.0934685 -8.988
-0.0936639 -8.99733
-0.0938592 -9.00667
-0.0940546 -9.016
-0.09425 -9.02533
-0.0944453 -9.03467
-0.0946407 -9.044
-0.094836 -9.05333
-0.0950314 -9.06267
-0.0952267 -9.072
-0.095422 -9.08133
-0.0956174 -9.09067
-0.0958127 -9.1
-0.096008 -9.10933
-0.0962033 -9.11867
-0.0963986 -9.128
-0.0965939 -9.13733
-0.0967893 -9.14667
-0.0969846 -9.156
-0.0971799 -9.16533
-0.0973751 -9.17467
-0.0975704 -9.184
-0.0977657 -9.19333
-0.097961 -9.20267
-0.0981563 -9.212
-0.0983516 -9.22133
-0.0985468 -9.23067
-0.0987421 -9.24
-0.0989373 -9.24933
-0.0991326 -9.25867
-0.0993279 -9.268
-0.0995231 -9.27733
-0.0997183 -9.28667
-0.0999136 -9.296
-0.100109 -9.30533
-0.100304 -9.31467
-0.100499 -9.324
-0.100695 -9.33333
-0.10089 -9.34267
-0.101085 -9.352
-0.10128 -9.36133
-0.101475 -9.37067
-0.101671 -9.38
-0.101866 -9.38933
-0.102061 -9.39867
-0.102256 -9.408
-0.102451 -9.41733
-0.102647 -9.42667
-0.102842 -9.436
-0.103037 -9.44533
-0.103232 -9.45467
-0.103427 -9.464
-0.103622 -9.47333
-0.103818 -9.48267
-0.104013 -9.492
-0.104208 -9.50133
-0.104403 -9.51067
-0.104598 -9.52
-0.104793 -9.52933
-0.104988 -9.53867
-0.105183 -9.548
-0.105379 -9.55733
-0.105574 -9.56667
-0.105769 -9.576
-0.105964 -9.58533
-0.106159 -9.59467
-0.106354 -9.604
-0.106549 -9.61333
-0.106744 -9.62267
-0.106939 -9.632
-0.107135 -9.64133
-0.10733 -9.65067
-0.107525 -9.66
-0.10772 -9.66933
-0.107915 -9.67867
-0.10811 -9.688
-0.108305 -9.69733
-0.1085 -9.70667
-0.108695 -9.716
-0.10889 -9.72533
-0.109085 -9.73467
-0.10928 -9.744
-0.109475 -9.75333
-0.10967 -9.76267
-0.109865 -9.772
-0.11006 -9.78133
-0.110255 -9.79067
-0.11045 -9.8
-0.110645 -9.80933
-0.11084 -9.81867
-0.111035 -9.828
-0.11123 -9.83733
-0.111425 -9.84667
-0.11162 -9.856
-0.111815 -9.86533
-0.11201 -9.87467
-0.112205 -9.884
-0.1124 -9.89333
-0.112595 -9.90267
-0.11279 -9.912
-0.112985 -9.92133
-0.11318 -9.93067
-0.113375 -9.94
-0.11357 -9.94933
-0.113765 -9.95867
-0.11396 -9.968
-0.114155 -9.97733
-0.11435 -9.98667
-0.114545 -9.996
-0.11474 -10.0053
-0.114935 -10.0147
-0.11513 -10.024
-0.115324 -10.0333
-0.115519 -10.0427
-0.115714 -10.052
-0.115909 -10.0613
-0.116104 -10.0707
-0.116299 -10.08
-0.116494 -10.0893
-0.116689 -10.0987
-0.116884 -10.108
-0.117079 -10.1173
-0.117273 -10.1267
-0.117468 -10.136
-0.117663 -10.1453
-0.117858 -10.1547
-0.118053 -10.164
-0.118248 -10.1733
-0.118443 -10.1827
-0.118637 -10.192
-0.118832 -10.2013
-0.119027 -10.2107
-0.119222 -10.22
-0.119417 -10.2293
-0.119612 -10.2387
-0.119806 -10.248
-0.120001 -10.2573
-0.120196 -10.2667
-0.120391 -10.276
-0.120586 -10.2853
-0.12078 -10.2947
-0.120975 -10.304
-0.12117 -10.3133
-0.121365 -10.3227
-0.12156 -10.332
-0.121754 -10.3413
-0.121949 -10.3507
-0.122144 -10.36
-0.122339 -10.3693
-0.122533 -10.3787
-0.122728 -10.388
-0.122923 -10.3973
-0.123118 -10.4067
-0.123312 -10.416
-0.123507 -10.4253
-0.123702 -10.4347
-0.123897 -10.444
-0.124091 -10.4533
-0.124286 -10.4627
-0.124481 -10.472
-0.124676 -10.4813
-0.12487 -10.4907
-0.125065 -10.5
-0.12526 -10.5093
-0.125454 -10.5187
-0.125649 -10.528
-0.125844 -10.5373
-0.126038 -10.5467
-0.126233 -10.556
-0.126428 -10.5653
-0.126622 -10.5747
-0.126817 -10.584
-0.127012 -10.5933
-0.127206 -10.6027
-0.127401 -10.612
-0.127596 -10.6213
-0.12779 -10.6307
-0.127985 -10.64
-0.12818 -10.6493
-0.128374 -10.6587
-0.128569 -10.668
-0.128764 -10.6773
-0.128958 -10.6867
-0.129153 -10.696
-0.129348 -10.7053
-0.129542 -10.7147
-0.129737 -10.724
-0.129931 -10.7333
-0.130126 -10.7427
-0.130321 -10.752
-0.130515 -10.7613
-0.13071 -10.7707
-0.130904 -10.78
-0.131099 -10.7893
-0.131293 -10.7987
-0.131488 -10.808
-0.131683 -10.8173
-0.131877 -10.8267
-0.132072 -10.836
-0.132266 -10.8453
-0.132461 -10.8547
-0.132655 -10.864
-0.13285 -10.8733
-0.133044 -10.8827
-0.133239 -10.892
-0.133434 -10.9013
-0.133628 -10.9107
-0.133823 -10.92
-0.134017 -10.9293
-0.134212 -10.9387
-0.134406 -10.948
-0.134601 -10.9573
-0.134795 -10.9667
-0.13499 -10.976
-0.135184 -10.9853
-0.135379 -10.9947
-0.135573 -11.004
-0.135768 -11.0133
-0.135962 -11.0227
-0.136157 -11.032
-0.136351 -11.0413
-0.136546 -11.0507
-0.13674 -11.06
-0.136934 -11.0693
-0.137129 -11.0787
-0.137323 -11.088
-0.137518 -11.0973
-0.137712 -11.1067
-0.137907 -11.116
-0.138101 -11.1253
-0.138296 -11.1347
-0.13849 -11.144
-0.138684 -11.1533
-0.138879 -11.1627
-0.139073 -11.172
-0.139268 -11.1813
-0.139462 -11.1907
-0.139656 -11.2
-0.139851 -11.2093
-0.140045 -11.2187
-0.14024 -11.228
-0.140434 -11.2373
-0.140628 -11.2467
-0.140823 -11.256
-0.141017 -11.2653
-0.141212 -11.2747
-0.141406 -11.284
-0.1416 -11.2933
-0.141795 -11.3027
-0.141989 -11.312
-0.142183 -11.3213
-0.142378 -11.3307
-0.142572 -11.34
-0.142766 -11.3493
-0.142961 -11.3587
-0.143155 -11.368
-0.143349 -11.3773
-0.143544 -11.3867
-0.143738 -11.396
-0.143932 -11.4053
-0.144127 -11.4147
-0.144321 -11.424
-0.144515 -11.4333
-0.144709 -11.4427
-0.144904 -11.452
-0.145098 -11.4613
-0.145292 -11.4707
-0.145487 -11.48
-0.145681 -11.4893
-0.145875 -11.4987
-0.146069 -11.508
-0.146264 -11.5173
-0.146458 -11.5267
-0.146652 -11.536
-0.146846 -11.5453
-0.147041 -11.5547
-0.147235 -11.564
-0.147429 -11.5733
-0.147623 -11.5827
-0.147818 -11.592
-0.148012 -11.6013
-0.148206 -11.6107
-0.1484 -11.62
-0.148595 -11.6293
-0.148789 -11.6387
-0.148983 -11.648
-0.149177 -11.6573
-0.149371 -11.6667
-0.149566 -11.676
-0.149869 -11.6853
-0.150222 -11.6947
-0.150575 -11.704
-0.150928 -11.7133
-0.151281 -11.7227
-0.151635 -11.732
-0.151988 -11.7413
-0.152341 -11.7507
-0.152694 -11.76
-0.153047 -11.7693
-0.1534 -11.7787
-0.153753 -11.788
-0.154106 -11.7973
-0.154459 -11.8067
-0.154813 -11.816
-0.155166 -11.8253
-0.155519 -11.8347
-0.155872 -11.844
-0.156225 -11.8533
-0.156578 -11.8627
-0.156931 -11.872
-0.157283 -11.8813
-0.157636 -11.8907
-0.157989 -11.9
-0.158342 -11.9093
-0.158695 -11.9187
-0.159048 -11.928
-0.159401 -11.9373
-0.159754 -11.9467
-0.160107 -11.956
-0.160459 -11.9653
-0.160812 -11.9747
-0.161165 -11.984
-0.161518 -11.9933
-0.161871 -12.0027
-0.162223 -12.012
-0.162576 -12.0213
-0.162929 -12.0307
-0.163281 -12.04
-0.163634 -12.0493
-0.163987 -12.0587
-0.16434 -12.068
-0.164692 -12.0773
-0.165045 -12.0867
-0.165397 -12.096
-0.16575 -12.1053
-0.166103 -12.1147
-0.166455 -12.124
-0.166808 -12.1333
-0.16716 -12.1427
-0.167513 -12.152
-0.167865 -12.1613
-0.168218 -12.1707
-0.16857 -12.18
-0.168923 -12.1893
-0.169275 -12.1987
-0.169628 -12.208
-0.16998 -12.2173
-0.170333 -12.2267
-0.170685 -12.236
-0.171037 -12.2453
-0.17139 -12.2547
-0.171742 -12.264
-0.172095 -12.2733
-0.172447 -12.2827
-0.172799 -12.292
-0.173151 -12.3013
-0.173504 -12.3107
-0.173856 -12.32
-0.174208 -12.3293
-0.174561 -12.3387
-0.174913 -12.348
-0.175265 -12.3573
-0.175617 -12.3667
-0.175969 -12.376
-0.176322 -12.3853
-0.176674 -12.3947
-0.177026 -12.404
-0.177378 -12.4133
-0.17773 -12.4227
-0.178082 -12.432
-0.178434 -12.4413
-0.178786 -12.4507
-0.179139 -12.46
-0.179491 -12.4693
-0.179843 -12.4787
-0.180195 -12.488
-0.180547 -12.4973
-0.180899 -12.5067
-0.181251 -12.516
-0.181603 -12.5253
-0.181955 -12.5347
-0.182307 -12.544
-0.182658 -12.5533
-0.18301 -12.5627
-0.183362 -12.572
-0.183714 -12.5813
-0.184066 -12.5907
-0.184418 -12.6
-0.18477 -12.6093
-0.185122 -12.6187
-0.185473 -12.628
-0.185825 -12.6373
-0.186177 -12.6467
-0.186529 -12.656
-0.18688 -12.6653
-0.187232 -12.6747
-0.187584 -12.684
-0.187936 -12.6933
-0.188287 -12.7027
-0.188639 -12.712
-0.188991 -12.7213
-0.189342 -12.7307
-0.189694 -12.74
-0.190046 -12.7493
-0.190397 -12.7587
-0.190749 -12.768
-0.1911 -12.7773
-0.191452 -12.7867
-0.191804 -12.796
-0.192155 -12.8053
-0.192507 -12.8147
-0.192858 -12.824
-0.19321 -12.8333
-0.193561 -12.8427
-0.193913 -12.852
-0.194264 -12.8613
-0.194615 -12.8707
-0.194967 -12.88
-0.195318 -12.8893
-0.19567 -12.8987
-0.196021 -12.908
-0.196372 -12.9173
-0.196724 -12.9267
-0.197075 -12.936
-0.197426 -12.9453
-0.197778 -12.9547
-0.198129 -12.964
-0.19848 -12.9733
-0.198832 -12.9827
-0.199183 -12.992
-0.199534 -13.0013
-0.199885 -13.0107
-0.200237 -13.02
-0.200588 -13.0293
-0.200939 -13.0387
-0.20129 -13.048
-0.201641 -13.0573
-0.201992 -13.0667
-0.202344 -13.076
-0.202695 -13.0853
-0.203046 -13.0947
-0.203397 -13.104
-0.203748 -13.1133
-0.204099 -13.1227
-0.20445 -13.132
-0.204801 -13.1413
-0.205152 -13.1507
-0.205503 -13.16
-0.205854 -13.1693
-0.206205 -13.1787
-0.206556 -13.188
-0.206907 -13.1973
-0.207258 -13.2067
-0.207609 -13.216
-0.208303 -13.2253
-0.209004 -13.2347
-0.209704 -13.244
-0.210404 -13.2533
-0.211104 -13.2627
-0.211805 -13.272
-0.212505 -13.2813
-0.213205 -13.2907
-0.213904 -13.3
-0.214604 -13.3093
-0.215304 -13.3187
-0.216004 -13.328
-0.216704 -13.3373
-0.217403 -13.3467
-0.218103 -13.356
-0.218802 -13.3653
-0.219502 -13.3747
-0.220201 -13.384
-0.2209 -13.3933
-0.221599 -13.4027
-0.222299 -13.412
-0.222998 -13.4213
-0.223697 -13.4307
-0.224396 -13.44
-0.225095 -13.4493
-0.225793 -13.4587
-0.226492 -13.468
-0.227191 -13.4773
-0.22789 -13.4867
-0.228588 -13.496
-0.229287 -13.5053
-0.229985 -13.5147
-0.230684 -13.524
-0.231382 -13.5333
-0.23208 -13.5427
-0.232778 -13.552
-0.233477 -13.5613
-0.234175 -13.5707
-0.234873 -13.58
-0.235571 -13.5893
-0.236269 -13.5987
-0.236966 -13.608
-0.237664 -13.6173
-0.238362 -13.6267
-0.23906 -13.636
-0.239757 -13.6453
-0.240455 -13.6547
-0.241152 -13.664
-0.24185 -13.6733
-0.242547 -13.6827
-0.243244 -13.692
-0.243941 -13.7013
-0.244639 -13.7107
-0.245336 -13.72
-0.246033 -13.7293
-0.24673 -13.7387
-0.247426 -13.748
-0.248123 -13.7573
-0.24882 -13.7667
-0.249517 -13.776
-0.250213 -13.7853
-0.25091 -13.7947
-0.251607 -13.804
-0.252303 -13.8133
-0.252999 -13.8227
-0.253696 -13.832
-0.254392 -13.8413
-0.255088 -13.8507
-0.255784 -13.86
-0.25648 -13.8693
-0.257176 -13.8787
-0.257872 -13.888
-0.258568 -13.8973
-0.259264 -13.9067
-0.25996 -13.916
-0.260656 -13.9253
-0.261351 -13.9347
-0.262047 -13.944
-0.262742 -13.9533
-0.263438 -13.9627
-0.264133 -13.972
-0.264829 -13.9813
-0.265524 -13.9907
-0.266219 -14
