-1.19373e-05 0.337729
-4.35449e-05 0.675458
-8.34871e-05 1.01319
-0.000132127 1.35092
-0.000187554 1.68865
-0.000247782 2.02637
-0.000316389 2.3641
-0.000387533 2.70183
-0.000464949 3.03956
-0.000546976 3.37729
-0.000632821 3.71502
-0.00072328 4.05275
-0.000817224 4.39048
-0.000916169 4.72821
-0.00101688 5.06594
-0.00112325 5.40366
-0.00123191 5.74139
-0.00134371 6.07912
-0.00145997 6.41685
-0.00157784 6.75458
-0.00170014 7.09231
-0.00182414 7.43004
-0.00195204 7.76777
-0.00208171 8.1055
-0.00221432 8.44323
-0.00234988 8.78095
-0.00248568 9.11868
-0.00262499 9.45641
-0.00276569 9.79414
-0.00291265 10.1319
-0.0030673 10.4696
-0.00323204 10.8073
-0.00340616 11.1451
-0.0035832 11.4828
-0.00375912 11.8205
-0.00392588 12.1582
-0.00408533 12.496
-0.00423839 12.8337
-0.00438884 13.1714
-0.00453808 13.5092
-0.00468202 13.8469
-0.00482184 14.1846
-0.00495757 14.5223
-0.00509573 14.8601
-0.00523511 15.1978
-0.00537478 15.5355
-0.00551489 15.8733
-0.00565561 16.211
-0.00580187 16.5487
-0.00595071 16.8865
-0.00610339 17.2242
-0.00625913 17.5619
-0.00642105 17.8996
-0.00658911 18.2374
-0.00675972 18.5751
-0.00693602 18.9128
-0.00711656 19.2506
-0.00730422 19.5883
-0.00749582 19.926
-0.00769228 20.2637
-0.00789762 20.6015
-0.0081135 20.9392
-0.00834252 21.2769
-0.00857912 21.6147
-0.00882356 21.9524
-0.00906923 22.2901
-0.00931171 22.6278
-0.00955067 22.9656
-0.00978681 23.3033
-0.0100263 23.641
-0.0102679 23.9788
-0.0105159 24.3165
-0.0107689 24.6542
-0.0110262 24.9919
-0.0112891 25.3297
-0.011559 25.6674
-0.0118415 26.0051
-0.0121316 26.3429
-0.0124293 26.6806
-0.012731 27.0183
-0.0130383 27.3561
-0.0133546 27.6938
-0.0136768 28.0315
-0.0140064 28.3692
-0.014338 28.707
-0.0146716 29.0447
-0.0150068 29.3824
-0.0153451 29.7202
-0.0156838 30.0579
-0.0160189 30.3956
-0.0163561 30.7333
-0.016693 31.0711
-0.0170331 31.4088
-0.0173753 31.7465
-0.0177163 32.0843
-0.0180556 32.422
-0.0183869 32.7597
-0.0187072 33.0974
-0.0190132 33.4352
-0.0193111 33.7729
-0.0196028 34.1106
-0.0198911 34.4484
-0.0201782 34.7861
-0.0204614 35.1238
-0.0207467 35.4615
-0.0210311 35.7993
-0.0213147 36.137
-0.0215993 36.4747
-0.0218866 36.8125
-0.0221753 37.1502
-0.0224602 37.4879
-0.022742 37.8257
-0.0230178 38.1634
-0.0232934 38.5011
-0.023569 38.8388
-0.0238409 39.1766
-0.024108 39.5143
-0.0243672 39.852
-0.0246204 40.1898
-0.0248675 40.5275
-0.025113 40.8652
-0.0253545 41.2029
-0.025592 41.5407
-0.0258294 41.8784
-0.0260665 42.2161
-0.0263078 42.5539
-0.0265461 42.8916
-0.0267777 43.2293
-0.0270011 43.567
-0.0272189 43.9048
-0.0274345 44.2425
-0.0276488 44.5802
-0.0278691 44.918
-0.0280945 45.2557
-0.0283278 45.5934
-0.0285681 45.9311
-0.0288139 46.2689
-0.0290669 46.6066
-0.029326 46.9443
-0.0295936 47.2821
-0.0298642 47.6198
-0.030137 47.9575
-0.0304078 48.2953
-0.0306761 48.633
-0.030946 48.9707
-0.0312135 49.3084
-0.0314814 49.6462
-0.0317472 49.9839
-0.0320108 50.3216
-0.0322671 50.6594
-0.032516 50.9971
-0.0327638 51.3348
-0.0330112 51.6725
-0.0332612 52.0103
-0.0335084 52.348
-0.0337556 52.6857
-0.0340043 53.0235
-0.0342517 53.3612
-0.0344952 53.6989
-0.0347287 54.0366
-0.0349549 54.3744
-0.0351732 54.7121
-0.0353905 55.0498
-0.0356102 55.3876
-0.0358307 55.7253
-0.0360532 56.063
-0.0362723 56.4007
-0.0364898 56.7385
-0.0367034 57.0762
-0.0369141 57.4139
-0.0371188 57.7517
-0.037314 58.0894
-0.0375006 58.4271
-0.0376728 58.7648
-0.0378319 59.1026
-0.0379761 59.4403
-0.0381096 59.778
-0.0382353 60.1158
-0.0383508 60.4535
-0.0384554 60.7912
-0.038546 61.129
-0.0386275 61.4667
-0.0387 61.8044
-0.0387672 62.1421
-0.0388315 62.4799
-0.0388938 62.8176
-0.0389566 63.1553
-0.0390148 63.4931
-0.0390689 63.8308
-0.0391157 64.1685
-0.0391556 64.5062
-0.0391888 64.844
-0.0392143 65.1817
-0.0392358 65.5194
-0.0392565 65.8572
-0.0392833 66.1949
-0.0393122 66.5326
-0.0393411 66.8703
-0.0393661 67.2081
-0.0393848 67.5458
-0.0394036 67.8835
-0.0394194 68.2213
-0.0394304 68.559
-0.0394328 68.8967
-0.0394279 69.2344
-0.0394148 69.5722
-0.0393946 69.9099
-0.0393726 70.2476
-0.0393483 70.5854
-0.0393267 70.9231
-0.0393027 71.2608
-0.0392767 71.5986
-0.0392514 71.9363
-0.0392263 72.274
-0.0392044 72.6117
-0.0391868 72.9495
-0.0391782 73.2872
-0.0391732 73.6249
-0.0391709 73.9627
-0.0391685 74.3004
-0.0391619 74.6381
-0.0391529 74.9758
-0.0391362 75.3136
-0.0391148 75.6513
-0.0390908 75.989
-0.0390671 76.3268
-0.0390431 76.6645
-0.0390178 77.0022
-0.0389937 77.3399
-0.0389628 77.6777
-0.0389247 78.0154
-0.0388757 78.3531
-0.0388164 78.6909
-0.0387506 79.0286
-0.038676 79.3663
-0.0385904 79.704
-0.0384888 80.0418
-0.0383774 80.3795
-0.0382592 80.7172
-0.0381393 81.055
-0.0380178 81.3927
-0.0378882 81.7304
-0.0377542 82.0682
-0.037614 82.4059
-0.0374705 82.7436
-0.0373237 83.0813
-0.0371753 83.4191
-0.0370256 83.7568
-0.0368722 84.0945
-0.0367161 84.4323
-0.0365491 84.77
-0.0363716 85.1077
-0.0361818 85.4454
-0.0359801 85.7832
-0.035768 86.1209
-0.0355459 86.4586
-0.0353201 86.7964
-0.0350892 87.1341
-0.0348556 87.4718
-0.0346176 87.8095
-0.0343742 88.1473
-0.0341246 88.485
-0.0338646 88.8227
-0.0335977 89.1605
-0.033324 89.4982
-0.0330474 89.8359
-0.0327659 90.1736
-0.03248 90.5114
-0.0321926 90.8491
-0.0319046 91.1868
-0.0316224 91.5246
-0.0313459 91.8623
-0.0310776 92.2
-0.0308135 92.5378
-0.0305495 92.8755
-0.030286 93.2132
-0.0300274 93.5509
-0.0297792 93.8887
-0.0295347 94.2264
-0.0292928 94.5641
-0.0290492 94.9019
-0.0288035 95.2396
-0.0285559 95.5773
-0.0283006 95.915
-0.0280405 96.2528
-0.0277766 96.5905
-0.0275133 96.9282
-0.0272513 97.266
-0.0269932 97.6037
-0.026739 97.9414
-0.0264863 98.2791
-0.0262385 98.6169
-0.0259895 98.9546
-0.0257396 99.2923
-0.0254869 99.6301
-0.0252332 99.9678
-0.0249816 100.306
-0.0247288 100.643
-0.0244772 100.981
-0.0242258 101.319
-0.0239785 101.656
-0.0237346 101.994
-0.0234952 102.332
-0.0232608 102.67
-0.0230257 103.007
-0.0227898 103.345
-0.0225469 103.683
-0.0223003 104.021
-0.0220521 104.358
-0.0218021 104.696
-0.0215494 105.034
-0.0212877 105.371
-0.0210156 105.709
-0.0207282 106.047
-0.0204309 106.385
-0.0201254 106.722
-0.0198131 107.06
-0.0194982 107.398
-0.0191787 107.736
-0.0188599 108.073
-0.0185433 108.411
-0.0182306 108.749
-0.0179164 109.086
-0.017599 109.424
-0.0172808 109.762
-0.0169595 110.1
-0.0166386 110.437
-0.0163133 110.775
-0.0159874 111.113
-0.0156644 111.451
-0.0153424 111.788
-0.0150226 112.126
-0.0147058 112.464
-0.0143962 112.801
-0.0140894 113.139
-0.013785 113.477
-0.0134785 113.815
-0.0131683 114.152
-0.0128591 114.49
-0.0125493 114.828
-0.012243 115.166
-0.0119391 115.503
-0.011637 115.841
-0.0113329 116.179
-0.0110252 116.517
-0.0107162 116.854
-0.0104075 117.192
-0.0101088 117.53
-0.00982031 117.867
-0.00954368 118.205
-0.00927819 118.543
-0.00902289 118.881
-0.00878137 119.218
-0.0085518 119.556
-0.00833247 119.894
-0.00811621 120.232
-0.00790524 120.569
-0.00769973 120.907
-0.00749863 121.245
-0.00730478 121.582
-0.0071158 121.92
-0.00693251 122.258
-0.00675281 122.596
-0.00658251 122.933
-0.00642074 123.271
-0.0062628 123.609
-0.00610742 123.947
-0.00594941 124.284
-0.00579202 124.622
-0.00563319 124.96
-0.00547392 125.297
-0.00531609 125.635
-0.00516252 125.973
-0.00501248 126.311
-0.00485862 126.648
-0.0047032 126.986
-0.00454338 127.324
-0.00438529 127.662
-0.00423382 127.999
-0.00408863 128.337
-0.00395369 128.675
-0.00382675 129.012
-0.00370707 129.35
-0.00358879 129.688
-0.00347373 130.026
-0.00336098 130.363
-0.00324751 130.701
-0.00313203 131.039
-0.0030076 131.377
-0.00288035 131.714
-0.00275161 132.052
-0.00262271 132.39
-0.00249328 132.728
-0.00236193 133.065
-0.00223182 133.403
-0.00210206 133.741
-0.00197706 134.078
-0.00185143 134.416
-0.00172308 134.754
-0.0015911 135.092
-0.00145586 135.429
-0.00132522 135.767
-0.00119853 136.105
-0.0010787 136.443
-0.000963838 136.78
-0.000853987 137.118
-0.000747873 137.456
-0.000644455 137.793
-0.000548779 138.131
-0.000461458 138.469
-0.000389817 138.807
-0.000333184 139.144
-0.000290928 139.482
-0.000260136 139.82
-0.000234713 140.158
-0.000216825 140.495
-0.000204468 140.833
-0.000197394 141.171
-0.000190763 141.508
-0.000185215 141.846
-0.000182134 142.184
-0.000182359 142.522
-0.000190008 142.859
-0.000202792 143.197
-0.000226652 143.535
-0.000260666 143.873
-0.000302076 144.21
-0.000350848 144.548
-0.000408174 144.886
-0.000475743 145.223
-0.000547021 145.561
-0.000623001 145.899
-0.000703984 146.237
-0.00079619 146.574
-0.000902418 146.912
-0.00101793 147.25
-0.00114186 147.588
-0.00126918 147.925
-0.00140121 148.263
-0.0015381 148.601
-0.00168418 148.938
-0.0018398 149.276
-0.00200317 149.614
-0.00217645 149.952
-0.00235168 150.289
-0.00252756 150.627
-0.00270041 150.965
-0.00286899 151.303
-0.00303294 151.64
-0.0031907 151.978
-0.00334429 152.316
-0.00349046 152.654
-0.00363416 152.991
-0.00377657 153.329
-0.00392226 153.667
-0.00407302 154.004
-0.00422574 154.342
-0.00438328 154.68
-0.00454182 155.018
-0.00470313 155.355
-0.00486433 155.693
-0.005026 156.031
-0.00518904 156.369
-0.00535117 156.706
-0.00551771 157.044
-0.00568668 157.382
-0.00586043 157.719
-0.00603732 158.057
-0.00621545 158.395
-0.00639144 158.733
-0.00656295 159.07
-0.00673783 159.408
-0.00691718 159.746
-0.00710579 160.084
-0.00729741 160.421
-0.00748574 160.759
-0.00767343 161.097
-0.00785985 161.434
-0.00804536 161.772
-0.00822615 162.11
-0.00840639 162.448
-0.00858609 162.785
-0.00876805 163.123
-0.00895546 163.461
-0.00914758 163.799
-0.00935313 164.136
-0.00957102 164.474
-0.00980134 164.812
-0.0100433 165.149
-0.0102948 165.487
-0.0105536 165.825
-0.0108168 166.163
-0.0110878 166.5
-0.0113633 166.838
-0.0116463 167.176
-0.0119351 167.514
-0.0122289 167.851
-0.0125307 168.189
-0.0128366 168.527
-0.013146 168.865
-0.0134552 169.202
-0.0137655 169.54
-0.0140766 169.878
-0.0143916 170.215
-0.0147141 170.553
-0.0150407 170.891
-0.0153702 171.229
-0.0156952 171.566
-0.0160158 171.904
-0.016333 172.242
-0.0166494 172.58
-0.0169669 172.917
-0.0172822 173.255
-0.0175967 173.593
-0.0179097 173.93
-0.0182296 174.268
-0.0185579 174.606
-0.0188921 174.944
-0.0192312 175.281
-0.0195719 175.619
-0.0199148 175.957
-0.0202535 176.295
-0.0205863 176.632
-0.0209109 176.97
-0.021229 177.308
-0.0215444 177.645
-0.0218535 177.983
-0.0221578 178.321
-0.0224537 178.659
-0.022745 178.996
-0.0230297 179.334
-0.0233044 179.672
-0.0235715 180.01
-0.0238315 180.347
-0.0240898 180.685
-0.0243448 181.023
-0.0245996 181.36
-0.0248516 181.698
-0.0250978 182.036
-0.0253371 182.374
-0.0255669 182.711
-0.0257961 183.049
-0.0260242 183.387
-0.0262523 183.725
-0.0264809 184.062
-0.0267099 184.4
-0.0269423 184.738
-0.0271789 185.076
-0.0274258 185.413
-0.0276784 185.751
-0.027935 186.089
-0.0281892 186.426
-0.0284364 186.764
-0.0286806 187.102
-0.0289194 187.44
-0.0291548 187.777
-0.0293851 188.115
-0.0296149 188.453
-0.0298453 188.791
-0.0300749 189.128
-0.0303053 189.466
-0.030532 189.804
-0.030758 190.141
-0.0309838 190.479
-0.0312127 190.817
-0.0314449 191.155
-0.0316809 191.492
-0.0319239 191.83
-0.0321704 192.168
-0.0324201 192.506
-0.032666 192.843
-0.032909 193.181
-0.0331537 193.519
-0.0334006 193.856
-0.0336507 194.194
-0.0339013 194.532
-0.0341547 194.87
-0.0344082 195.207
-0.0346638 195.545
-0.0349208 195.883
-0.0351778 196.221
-0.0354362 196.558
-0.0356856 196.896
-0.0359221 197.234
-0.0361433 197.571
-0.0363521 197.909
-0.0365508 198.247
-0.0367415 198.585
-0.0369262 198.922
-0.0371015 199.26
-0.0372724 199.598
-0.0374365 199.936
-0.0375947 200.273
-0.0377474 200.611
-0.0378922 200.949
-0.0380317 201.286
-0.038167 201.624
-0.0383034 201.962
-0.038437 202.3
-0.0385664 202.637
-0.0386875 202.975
-0.0387975 203.313
-0.0389009 203.651
-0.0389938 203.988
-0.0390781 204.326
-0.0391559 204.664
-0.0392306 205.002
-0.039299 205.339
-0.039359 205.677
-0.039414 206.015
-0.0394614 206.352
-0.039506 206.69
-0.0395433 207.028
-0.0395705 207.366
-0.039585 207.703
-0.0395833 208.041
-0.0395702 208.379
-0.0395478 208.717
-0.0395229 209.054
-0.0394968 209.392
-0.0394727 209.73
-0.0394496 210.067
-0.0394239 210.405
-0.0394005 210.743
-0.0393784 211.081
-0.0393609 211.418
-0.0393437 211.756
-0.0393266 212.094
-0.0393135 212.432
-0.039305 212.769
-0.0393007 213.107
-0.039292 213.445
-0.0392791 213.782
-0.0392597 214.12
-0.0392363 214.458
-0.0392119 214.796
-0.0391847 215.133
-0.0391585 215.471
-0.0391295 215.809
-0.0390995 216.147
-0.0390683 216.484
-0.0390368 216.822
-0.0390037 217.16
-0.0389657 217.497
-0.0389246 217.835
-0.0388756 218.173
-0.0388187 218.511
-0.0387512 218.848
-0.0386779 219.186
-0.0386069 219.524
-0.0385387 219.862
-0.038475 220.199
-0.0384106 220.537
-0.038346 220.875
-0.0382796 221.213
-0.0382117 221.55
-0.0381416 221.888
-0.0380666 222.226
-0.0379893 222.563
-0.037905 222.901
-0.0378146 223.239
-0.037716 223.577
-0.0376085 223.914
-0.0374905 224.252
-0.0373569 224.59
-0.0372098 224.928
-0.0370489 225.265
-0.0368821 225.603
-0.0367093 225.941
-0.0365287 226.278
-0.0363401 226.616
-0.036143 226.954
-0.0359417 227.292
-0.0357343 227.629
-0.035522 227.967
-0.0352996 228.305
-0.035066 228.643
-0.0348241 228.98
-0.0345728 229.318
-0.0343169 229.656
-0.0340584 229.993
-0.0338045 230.331
-0.0335547 230.669
-0.0333067 231.007
-0.0330579 231.344
-0.0328052 231.682
-0.0325519 232.02
-0.0322937 232.358
-0.0320347 232.695
-0.0317744 233.033
-0.0315091 233.371
-0.0312381 233.708
-0.0309617 234.046
-0.0306835 234.384
-0.0303981 234.722
-0.030108 235.059
-0.0298122 235.397
-0.0295134 235.735
-0.0292175 236.073
-0.0289219 236.41
-0.0286322 236.748
-0.0283481 237.086
-0.0280696 237.424
-0.0277938 237.761
-0.0275218 238.099
-0.0272558 238.437
-0.0269927 238.774
-0.026733 239.112
-0.0264684 239.45
-0.0262027 239.788
-0.0259421 240.125
-0.025689 240.463
-0.0254461 240.801
-0.0252105 241.139
-0.024981 241.476
-0.0247516 241.814
-0.0245237 242.152
-0.0242931 242.489
-0.0240572 242.827
-0.0238205 243.165
-0.0235802 243.503
-0.0233373 243.84
-0.0230882 244.178
-0.0228325 244.516
-0.0225702 244.854
-0.0223035 245.191
-0.0220333 245.529
-0.0217574 245.867
-0.0214811 246.204
-0.0212025 246.542
-0.0209253 246.88
-0.0206517 247.218
-0.0203804 247.555
-0.0201127 247.893
-0.0198443 248.231
-0.0195759 248.569
-0.0193046 248.906
-0.0190315 249.244
-0.0187537 249.582
-0.0184684 249.919
-0.0181764 250.257
-0.0178776 250.595
-0.0175801 250.933
-0.0172839 251.27
-0.0169917 251.608
-0.0167002 251.946
-0.0164024 252.284
-0.0160963 252.621
-0.0157801 252.959
-0.0154609 253.297
-0.0151382 253.634
-0.014811 253.972
-0.0144776 254.31
-0.0141415 254.648
-0.0138066 254.985
-0.0134681 255.323
-0.0131295 255.661
-0.0127913 255.999
-0.0124595 256.336
-0.012135 256.674
-0.0118163 257.012
-0.0115066 257.35
-0.0112048 257.687
-0.0109149 258.025
-0.0106337 258.363
-0.0103614 258.7
-0.0100944 259.038
-0.00982969 259.376
-0.0095698 259.714
-0.00931057 260.051
-0.00905354 260.389
-0.00879553 260.727
-0.00854053 261.065
-0.00829193 261.402
-0.00805168 261.74
-0.00782441 262.078
-0.00760525 262.415
-0.007392 262.753
-0.00717759 263.091
-0.00696262 263.429
-0.00674914 263.766
-0.00654035 264.104
-0.00634105 264.442
-0.00614565 264.78
-0.00595655 265.117
-0.00577193 265.455
-0.00559321 265.793
-0.00542255 266.13
-0.00526002 266.468
-0.00510743 266.806
-0.00496115 267.144
-0.00482496 267.481
-0.00469695 267.819
-0.0045782 268.157
-0.00446633 268.495
-0.00435565 268.832
-0.00424934 269.17
-0.0041443 269.508
-0.00403812 269.845
-0.00392527 270.183
-0.0038069 270.521
-0.0036838 270.859
-0.00355645 271.196
-0.00342856 271.534
-0.00329674 271.872
-0.00316835 272.21
-0.00304669 272.547
-0.00292997 272.885
-0.00281308 273.223
-0.00269139 273.561
-0.00256582 273.898
-0.0024355 274.236
-0.0023066 274.574
-0.00217899 274.911
-0.00205677 275.249
-0.00193991 275.587
-0.00182245 275.925
-0.00170784 276.262
-0.00159644 276.6
-0.00149114 276.938
-0.00139171 277.276
-0.00129948 277.613
-0.0012113 277.951
-0.00112576 278.289
-0.00104663 278.626
-0.00097011 278.964
-0.000899087 279.302
-0.000828401 279.64
-0.000755449 279.977
-0.000682122 280.315
-0.000607437 280.653
-0.000532447 280.991
-0.000455451 281.328
-0.00038195 281.666
-0.000312026 282.004
-0.00025108 282.341
-0.00020351 282.679
-0.000168358 283.017
-0.000147027 283.355
-0.000133907 283.692
-0.000130461 284.03
-0.000132536 284.368
-0.000139493 284.706
-0.00015379 285.043
-0.000178067 285.381
-0.000219261 285.719
-0.000271941 286.056
-0.000334368 286.394
-0.000403819 286.732
-0.000482718 287.07
-0.000572556 287.407
-0.0006708 287.745
-0.000779892 288.083
-0.000894979 288.421
-0.00101757 288.758
-0.00114335 289.096
-0.0012713 289.434
-0.00140471 289.772
-0.00154127 290.109
-0.00168009 290.447
-0.00181427 290.785
-0.0019466 291.122
-0.0020784 291.46
-0.00221275 291.798
-0.00235179 292.136
-0.00249358 292.473
-0.0026442 292.811
-0.0028035 293.149
-0.00297523 293.487
-0.00315662 293.824
-0.0033427 294.162
-0.00353032 294.5
-0.00371527 294.837
-0.00390068 295.175
-0.00408493 295.513
-0.0042719 295.851
-0.00446054 296.188
-0.00465044 296.526
-0.00484294 296.864
-0.00503357 297.202
-0.00522237 297.539
-0.00540645 297.877
-0.00559055 298.215
-0.00577523 298.552
-0.00595857 298.89
-0.00613875 299.228
-0.00631231 299.566
-0.00648314 299.903
-0.00665073 300.241
-0.00681922 300.579
-0.00698639 300.917
-0.00714913 301.254
-0.00730882 301.592
-0.00746642 301.93
-0.00762756 302.267
-0.00779234 302.605
-0.00796639 302.943
-0.00815105 303.281
-0.00834677 303.618
-0.0085526 303.956
-0.0087654 304.294
-0.00898879 304.632
-0.0092151 304.969
-0.00943967 305.307
-0.0096614 305.645
-0.00988457 305.982
-0.0101136 306.32
-0.0103475 306.658
-0.0105868 306.996
-0.0108266 307.333
-0.0110714 307.671
-0.0113196 308.009
-0.0115692 308.347
-0.0118245 308.684
-0.0120838 309.022
-0.012349 309.36
-0.0126175 309.698
-0.012891 310.035
-0.0131656 310.373
-0.0134438 310.711
-0.01373 311.048
-0.0140212 311.386
-0.0143206 311.724
-0.0146221 312.062
-0.0149254 312.399
-0.0152335 312.737
-0.0155503 313.075
-0.0158792 313.413
-0.0162181 313.75
-0.0165677 314.088
-0.0169219 314.426
-0.0172818 314.763
-0.0176428 315.101
-0.0179985 315.439
-0.0183493 315.777
-0.018691 316.114
-0.0190266 316.452
-0.0193565 316.79
-0.0196849 317.128
-0.0200117 317.465
-0.0203356 317.803
-0.0206568 318.141
-0.0209692 318.478
-0.0212781 318.816
-0.0215844 319.154
-0.0218908 319.492
-0.0221954 319.829
-0.0224942 320.167
-0.0227884 320.505
-0.0230775 320.843
-0.0233664 321.18
-0.0236513 321.518
-0.0239336 321.856
-0.0242148 322.193
-0.0244927 322.531
-0.024767 322.869
-0.0250343 323.207
-0.0252999 323.544
-0.0255665 323.882
-0.0258379 324.22
-0.0261102 324.558
-0.0263792 324.895
-0.0266454 325.233
-0.0269018 325.571
-0.0271484 325.909
-0.0273836 326.246
-0.0276094 326.584
-0.0278259 326.922
-0.0280349 327.259
-0.0282434 327.597
-0.0284517 327.935
-0.0286627 328.273
-0.0288722 328.61
-0.0290812 328.948
-0.029291 329.286
-0.0295017 329.624
-0.0297174 329.961
-0.0299371 330.299
-0.0301625 330.637
-0.0303878 330.974
-0.0306131 331.312
-0.0308399 331.65
-0.03107 331.988
-0.0313074 332.325
-0.0315468 332.663
-0.0317877 333.001
-0.0320258 333.339
-0.0322642 333.676
-0.0325056 334.014
-0.0327494 334.352
-0.0329976 334.689
-0.0332467 335.027
-0.0334993 335.365
-0.0337492 335.703
-0.0339918 336.04
-0.034224 336.378
-0.0344453 336.716
-0.0346619 337.054
-0.0348726 337.391
-0.0350807 337.729
-0.0352863 338.067
-0.0354944 338.404
-0.0357066 338.742
-0.0359195 339.08
-0.0361333 339.418
-0.0363429 339.755
-0.0365524 340.093
-0.0367605 340.431
-0.0369675 340.769
-0.0371735 341.106
-0.0373743 341.444
-0.0375685 341.782
-0.0377519 342.119
-0.0379294 342.457
-0.0381009 342.795
-0.0382674 343.133
-0.0384252 343.47
-0.0385687 343.808
-0.0387025 344.146
-0.0388245 344.484
-0.0389392 344.821
-0.039049 345.159
-0.0391529 345.497
-0.0392475 345.835
-0.0393294 346.172
-0.0393989 346.51
-0.0394526 346.848
-0.039495 347.185
-0.0395236 347.523
-0.039542 347.861
-0.0395589 348.199
-0.0395747 348.536
-0.0395911 348.874
-0.0396058 349.212
-0.0396218 349.55
-0.0396376 349.887
-0.0396523 350.225
-0.0396631 350.563
-0.0396676 350.9
-0.0396704 351.238
-0.0396691 351.576
-0.0396653 351.914
-0.0396547 352.251
-0.0396349 352.589
-0.0396078 352.927
-0.039577 353.265
-0.0395457 353.602
-0.0395075 353.94
-0.0394646 354.278
-0.039416 354.615
-0.0393629 354.953
-0.0393092 355.291
-0.0392567 355.629
-0.0392093 355.966
-0.0391626 356.304
-0.0391142 356.642
-0.0390588 356.98
-0.0389992 357.317
-0.038938 357.655
-0.0388745 357.993
-0.0388141 358.33
-0.0387559 358.668
-0.0387041 359.006
-0.0386589 359.344
-0.0386201 359.681
-0.0385857 360.019
-0.0385516 360.357
-0.0385181 360.695
-0.0384788 361.032
-0.0384363 361.37
-0.0383887 361.708
-0.0383338 362.046
-0.0382715 362.383
-0.0382003 362.721
-0.0381234 363.059
-0.0380362 363.396
-0.0379417 363.734
-0.0378391 364.072
-0.037731 364.41
-0.0376197 364.747
-0.0374984 365.085
-0.0373696 365.423
-0.0372349 365.761
-0.0371009 366.098
-0.0369664 366.436
-0.036829 366.774
-0.0366856 367.111
-0.0365302 367.449
-0.0363663 367.787
-0.036191 368.125
-0.0360094 368.462
-0.0358248 368.8
-0.0356381 369.138
-0.03545 369.476
-0.0352578 369.813
-0.0350636 370.151
-0.034864 370.489
-0.034661 370.826
-0.0344493 371.164
-0.0342249 371.502
-0.0339894 371.84
-0.0337412 372.177
-0.0334859 372.515
-0.0332202 372.853
-0.0329439 373.191
-0.0326594 373.528
-0.0323696 373.866
-0.0320771 374.204
-0.0317804 374.541
-0.0314833 374.879
-0.0311837 375.217
-0.0308847 375.555
-0.0305858 375.892
-0.0302884 376.23
-0.0299981 376.568
-0.0297113 376.906
-0.02943 377.243
-0.0291515 377.581
-0.0288729 377.919
-0.0285885 378.257
-0.0282991 378.594
-0.0280117 378.932
-0.0277296 379.27
-0.0274563 379.607
-0.0271859 379.945
-0.0269196 380.283
-0.026657 380.621
-0.0263955 380.958
-0.026136 381.296
-0.0258747 381.634
-0.0256113 381.972
-0.0253428 382.309
-0.0250712 382.647
-0.0247954 382.985
-0.024518 383.322
-0.0242443 383.66
-0.0239703 383.998
-0.0236983 384.336
-0.0234287 384.673
-0.0231655 385.011
-0.0229088 385.349
-0.0226562 385.687
-0.0224062 386.024
-0.0221565 386.362
-0.0219136 386.7
-0.0216749 387.037
-0.0214415 387.375
-0.0212105 387.713
-0.0209762 388.051
-0.0207382 388.388
-0.020492 388.726
-0.0202382 389.064
-0.0199754 389.402
-0.0197114 389.739
-0.0194489 390.077
-0.0191867 390.415
-0.0189243 390.752
-0.0186543 391.09
-0.0183786 391.428
-0.0180962 391.766
-0.017809 392.103
-0.0175153 392.441
-0.0172127 392.779
-0.0169031 393.117
-0.0165844 393.454
-0.0162646 393.792
-0.0159447 394.13
-0.0156259 394.467
-0.0153081 394.805
-0.0149918 395.143
-0.0146814 395.481
-0.014374 395.818
-0.0140704 396.156
-0.0137671 396.494
-0.0134665 396.832
-0.0131681 397.169
-0.0128686 397.507
-0.0125734 397.845
-0.0122808 398.183
-0.0119891 398.52
-0.0116906 398.858
-0.0113843 399.196
-0.011073 399.533
-0.0107603 399.871
-0.010452 400.209
-0.0101468 400.547
-0.00985055 400.884
-0.00956191 401.222
-0.00927808 401.56
-0.0089977 401.898
-0.00871907 402.235
-0.00844444 402.573
-0.00817425 402.911
-0.00791263 403.248
-0.00765434 403.586
-0.00740078 403.924
-0.00715565 404.262
-0.00692029 404.599
-0.00670019 404.937
-0.00649207 405.275
-0.00629574 405.613
-0.00610928 405.95
-0.00593327 406.288
-0.00576573 406.626
-0.00560496 406.963
-0.00545136 407.301
-0.0052991 407.639
-0.00515177 407.977
-0.00500794 408.314
-0.00486757 408.652
-0.00472946 408.99
-0.0045888 409.328
-0.00444497 409.665
-0.00429568 410.003
-0.00414695 410.341
-0.00400151 410.678
-0.0038652 411.016
-0.00373907 411.354
-0.00361985 411.692
-0.0035067 412.029
-0.00339272 412.367
-0.00328206 412.705
-0.00317432 413.043
-0.00306806 413.38
-0.002962 413.718
-0.0028559 414.056
-0.00275417 414.394
-0.00265412 414.731
-0.00255793 415.069
-0.00246367 415.407
-0.0023759 415.744
-0.0022953 416.082
-0.00221468 416.42
-0.00213362 416.758
-0.00204822 417.095
-0.00196266 417.433
-0.00187525 417.771
-0.00178447 418.109
-0.00169025 418.446
-0.00159206 418.784
-0.00149357 419.122
-0.00139095 419.459
-0.00128777 419.797
-0.00118129 420.135
-0.00107082 420.473
-0.000961069 420.81
-0.000856098 421.148
-0.000763718 421.486
-0.000682713 421.824
-0.000614858 422.161
-0.000554694 422.499
-0.000499341 422.837
-0.000449031 423.174
-0.000402317 423.512
-0.000364483 423.85
-0.000331504 424.188
-0.000303678 424.525
-0.000280693 424.863
-0.000264917 425.201
-0.000258734 425.539
-0.000261381 425.876
-0.000276598 426.214
-0.000298736 426.552
-0.00032837 426.889
-0.000363876 427.227
-0.000403186 427.565
-0.00044645 427.903
-0.00049168 428.24
-0.000542528 428.578
-0.000599188 428.916
-0.000665036 429.254
-0.000734766 429.591
-0.000807449 429.929
-0.000888228 430.267
-0.000976214 430.605
-0.00107317 430.942
-0.00117623 431.28
-0.00129003 431.618
-0.00141847 431.955
-0.00156535 432.293
-0.00172849 432.631
-0.00189866 432.969
-0.00207517 433.306
-0.00225349 433.644
-0.00243458 433.982
-0.00261766 434.32
-0.00280291 434.657
-0.00299034 434.995
-0.00317673 435.333
-0.00336369 435.67
-0.00354953 436.008
-0.00374136 436.346
-0.00393744 436.684
-0.00413374 437.021
-0.0043306 437.359
-0.00452319 437.697
-0.00471196 438.035
-0.00489564 438.372
-0.00507802 438.71
-0.00525786 439.048
-0.00543739 439.385
-0.00561847 439.723
-0.00579804 440.061
-0.0059808 440.399
-0.00616169 440.736
-0.00634229 441.074
-0.00652544 441.412
-0.0067125 441.75
-0.00690569 442.087
-0.00710435 442.425
-0.00731155 442.763
-0.00752299 443.1
-0.00773971 443.438
-0.00795515 443.776
-0.00816365 444.114
-0.00836679 444.451
-0.00856323 444.789
-0.00875997 445.127
-0.0089556 445.465
-0.0091494 445.802
-0.00933924 446.14
-0.00952831 446.478
-0.00972419 446.815
-0.00992515 447.153
-0.0101324 447.491
-0.0103417 447.829
-0.0105545 448.166
-0.0107682 448.504
-0.0109808 448.842
-0.0111982 449.18
-0.011422 449.517
-0.0116568 449.855
-0.0118983 450.193
-0.0121473 450.531
-0.0124042 450.868
-0.0126683 451.206
-0.0129411 451.544
-0.0132189 451.881
-0.0135059 452.219
-0.0138016 452.557
-0.0141084 452.895
-0.0144251 453.232
-0.0147481 453.57
-0.015075 453.908
-0.0153996 454.246
-0.0157224 454.583
-0.0160393 454.921
-0.0163531 455.259
-0.0166653 455.596
-0.0169762 455.934
-0.0172901 456.272
-0.0176049 456.61
-0.0179222 456.947
-0.018241 457.285
-0.0185654 457.623
-0.018897 457.961
-0.0192342 458.298
-0.0195732 458.636
-0.0199061 458.974
-0.0202368 459.311
-0.020566 459.649
-0.0208972 459.987
-0.0212316 460.325
-0.0215671 460.662
-0.0219031 461
-0.0222354 461.338
-0.0225659 461.676
-0.0228909 462.013
-0.0232125 462.351
-0.0235307 462.689
-0.0238448 463.026
-0.0241574 463.364
-0.024464 463.702
-0.0247668 464.04
-0.0250626 464.377
-0.0253478 464.715
-0.0256171 465.053
-0.0258713 465.391
-0.0261184 465.728
-0.0263574 466.066
-0.026592 466.404
-0.0268215 466.742
-0.0270498 467.079
-0.0272792 467.417
-0.0275092 467.755
-0.0277415 468.092
-0.0279738 468.43
-0.0282113 468.768
-0.0284481 469.106
-0.0286808 469.443
-0.0289087 469.781
-0.0291306 470.119
-0.0293518 470.457
-0.0295741 470.794
-0.0298018 471.132
-0.0300292 471.47
-0.0302541 471.807
-0.0304741 472.145
-0.0306896 472.483
-0.0309078 472.821
-0.0311235 473.158
-0.0313386 473.496
-0.0315537 473.834
-0.0317692 474.172
-0.0319853 474.509
-0.0321995 474.847
-0.032411 475.185
-0.0326142 475.522
-0.0328144 475.86
-0.0330109 476.198
-0.0332076 476.536
-0.03341 476.873
-0.0336171 477.211
-0.0338322 477.549
-0.0340519 477.887
-0.0342774 478.224
-0.0345085 478.562
-0.0347469 478.9
-0.0349889 479.237
-0.0352278 479.575
-0.0354648 479.913
-0.0356947 480.251
-0.0359196 480.588
-0.0361394 480.926
-0.0363553 481.264
-0.0365695 481.602
-0.036782 481.939
-0.0369911 482.277
-0.0371881 482.615
-0.0373753 482.953
-0.0375538 483.29
-0.0377279 483.628
-0.037899 483.966
-0.0380618 484.303
-0.0382182 484.641
-0.0383668 484.979
-0.0385091 485.317
-0.0386415 485.654
-0.0387641 485.992
-0.038877 486.33
-0.0389786 486.668
-0.0390749 487.005
-0.0391677 487.343
-0.0392622 487.681
-0.0393548 488.018
-0.0394443 488.356
-0.0395316 488.694
-0.0396145 489.032
-0.0396936 489.369
-0.0397634 489.707
-0.0398246 490.045
-0.0398731 490.383
-0.0399067 490.72
-0.0399257 491.058
-0.0399317 491.396
-0.039933 491.733
-0.0399273 492.071
-0.039916 492.409
-0.0398961 492.747
-0.0398672 493.084
-0.0398312 493.422
-0.0397875 493.76
-0.0397406 494.098
-0.0396902 494.435
-0.0396421 494.773
-0.0395935 495.111
-0.0395421 495.448
-0.0394885 495.786
-0.0394299 496.124
-0.039372 496.462
-0.0393129 496.799
-0.0392535 497.137
-0.039192 497.475
-0.0391325 497.813
-0.0390806 498.15
-0.0390339 498.488
-0.0389925 498.826
-0.0389505 499.163
-0.0389097 499.501
-0.038867 499.839
-0.0388196 500.177
-0.0387681 500.514
-0.0387076 500.852
-0.0386392 501.19
-0.0385601 501.528
-0.0384761 501.865
-0.0383912 502.203
-0.0383072 502.541
-0.0382259 502.879
-0.0381424 503.216
-0.0380565 503.554
-0.0379659 503.892
-0.0378755 504.229
-0.037785 504.567
-0.037696 504.905
-0.0376114 505.243
-0.0375248 505.58
-0.0374369 505.918
-0.0373449 506.256
-0.0372491 506.594
-0.0371473 506.931
-0.0370389 507.269
-0.0369256 507.607
-0.0368079 507.944
-0.0366885 508.282
-0.0365607 508.62
-0.0364283 508.958
-0.0362944 509.295
-0.0361549 509.633
-0.0360069 509.971
-0.0358452 510.309
-0.0356703 510.646
-0.0354816 510.984
-0.035282 511.322
-0.0350672 511.659
-0.0348376 511.997
-0.0345997 512.335
-0.0343549 512.673
-0.0341116 513.01
-0.0338685 513.348
-0.0336228 513.686
-0.0333715 514.024
-0.0331149 514.361
-0.0328548 514.699
-0.0325912 515.037
-0.0323306 515.374
-0.0320695 515.712
-0.0318082 516.05
-0.0315425 516.388
-0.0312693 516.725
-0.030992 517.063
-0.030709 517.401
-0.0304219 517.739
-0.030129 518.076
-0.0298352 518.414
-0.0295401 518.752
-0.0292433 519.09
-0.0289475 519.427
-0.0286499 519.765
-0.0283544 520.103
-0.0280572 520.44
-0.0277575 520.778
-0.0274541 521.116
-0.0271459 521.454
-0.0268343 521.791
-0.0265192 522.129
-0.0262082 522.467
-0.0258998 522.805
-0.0255974 523.142
-0.025304 523.48
-0.0250219 523.818
-0.0247534 524.155
-0.0244898 524.493
-0.0242282 524.831
-0.023966 525.169
-0.0237091 525.506
-0.0234604 525.844
-0.0232174 526.182
-0.0229779 526.52
-0.0227358 526.857
-0.0224927 527.195
-0.0222447 527.533
-0.021993 527.87
-0.021739 528.208
-0.0214831 528.546
-0.021229 528.884
-0.0209718 529.221
-0.0207147 529.559
-0.0204581 529.897
-0.0202023 530.235
-0.0199463 530.572
-0.0196882 530.91
-0.0194281 531.248
-0.0191613 531.585
-0.0188914 531.923
-0.0186163 532.261
-0.0183374 532.599
-0.018057 532.936
-0.0177771 533.274
-0.0175037 533.612
-0.0172338 533.95
-0.0169692 534.287
-0.0167075 534.625
-0.0164469 534.963
-0.0161826 535.3
-0.0159109 535.638
-0.0156342 535.976
-0.0153523 536.314
-0.0150702 536.651
-0.0147849 536.989
-0.014495 537.327
-0.014197 537.665
-0.0138863 538.002
-0.0135686 538.34
-0.0132469 538.678
-0.0129262 539.016
-0.0126043 539.353
-0.0122817 539.691
-0.0119602 540.029
-0.0116426 540.366
-0.011331 540.704
-0.0110202 541.042
-0.0107149 541.38
-0.0104126 541.717
-0.0101115 542.055
-0.0098115 542.393
-0.00951264 542.731
-0.00922004 543.068
-0.00893375 543.406
-0.00865716 543.744
-0.00838837 544.081
-0.00813244 544.419
-0.00788999 544.757
-0.0076552 545.095
-0.00742753 545.432
-0.00719972 545.77
-0.00697315 546.108
-0.00674799 546.446
-0.00652598 546.783
-0.00630733 547.121
-0.00609242 547.459
-0.00588444 547.796
-0.00567681 548.134
-0.00547177 548.472
-0.00526736 548.81
-0.00506627 549.147
-0.00487584 549.485
-0.00469701 549.823
-0.00453039 550.161
-0.0043716 550.498
-0.00422327 550.836
-0.00408316 551.174
-0.00395449 551.511
-0.00383746 551.849
-0.00372385 552.187
-0.00361414 552.525
-0.00350435 552.862
-0.00339738 553.2
-0.00329446 553.538
-0.00319694 553.876
-0.00310498 554.213
-0.00301713 554.551
-0.00293726 554.889
-0.00286097 555.227
-0.00278835 555.564
-0.0027134 555.902
-0.00263294 556.24
-0.0025484 556.577
-0.00245666 556.915
-0.00236084 557.253
-0.00226254 557.591
-0.00216733 557.928
-0.0020713 558.266
-0.00197172 558.604
-0.00187109 558.942
-0.00177004 559.279
-0.00167308 559.617
-0.00157808 559.955
-0.00148978 560.292
-0.00141001 560.63
-0.00133818 560.968
-0.00127136 561.306
-0.00120531 561.643
-0.0011445 561.981
-0.00108706 562.319
-0.00103355 562.657
-0.00097905 562.994
-0.000919805 563.332
-0.000856855 563.67
-0.000792897 564.007
-0.000735184 564.345
-0.000682066 564.683
-0.000636011 565.021
-0.00059423 565.358
-0.000556167 565.696
-0.00052408 566.034
-0.000493806 566.372
-0.000464801 566.709
-0.000433782 567.047
-0.000404799 567.385
-0.000379092 567.722
-0.000360885 568.06
-0.000353547 568.398
-0.000354266 568.736
-0.000365691 569.073
-0.000384429 569.411
-0.000414 569.749
-0.000454571 570.087
-0.000507677 570.424
-0.000577143 570.762
-0.000660292 571.1
-0.000757254 571.438
-0.000862137 571.775
-0.000976203 572.113
-0.0010979 572.451
-0.00122644 572.788
-0.00136073 573.126
-0.00149506 573.464
-0.00163237 573.802
-0.00176875 574.139
-0.00190644 574.477
-0.00204761 574.815
-0.00219656 575.153
-0.00235835 575.49
-0.00252813 575.828
-0.00270348 576.166
-0.00287828 576.503
-0.00305657 576.841
-0.00323797 577.179
-0.00341888 577.517
-0.00360065 577.854
-0.00378237 578.192
-0.0039707 578.53
-0.00416533 578.868
-0.00436709 579.205
-0.00457347 579.543
-0.00478314 579.881
-0.00499636 580.218
-0.00520979 580.556
-0.00543031 580.894
-0.00565567 581.232
-0.00588443 581.569
-0.00611418 581.907
-0.0063414 582.245
-0.00656582 582.583
-0.00678408 582.92
-0.0069989 583.258
-0.00720801 583.596
-0.00741221 583.933
-0.00760768 584.271
-0.0077934 584.609
-0.00797634 584.947
-0.00815684 585.284
-0.00834088 585.622
-0.00853053 585.96
-0.00872659 586.298
-0.00892545 586.635
-0.00912546 586.973
-0.00932594 587.311
-0.00952197 587.648
-0.00971942 587.986
-0.00991867 588.324
-0.0101225 588.662
-0.0103321 588.999
-0.0105457 589.337
-0.0107659 589.675
-0.0109937 590.013
-0.0112304 590.35
-0.011468 590.688
-0.0117078 591.026
-0.011952 591.364
-0.0122027 591.701
-0.0124623 592.039
-0.0127229 592.377
-0.0129836 592.714
-0.0132426 593.052
-0.013502 593.39
-0.0137611 593.728
-0.0140208 594.065
-0.0142837 594.403
-0.0145455 594.741
-0.014809 595.079
-0.0150736 595.416
-0.015346 595.754
-0.0156306 596.092
-0.0159279 596.429
-0.016239 596.767
-0.0165579 597.105
-0.0168851 597.443
-0.017214 597.78
-0.0175439 598.118
-0.0178754 598.456
-0.0182084 598.794
-0.0185468 599.131
-0.0188883 599.469
-0.0192352 599.807
-0.019584 600.144
-0.0199349 600.482
-0.0202854 600.82
-0.0206335 601.158
-0.0209821 601.495
-0.0213245 601.833
-0.0216634 602.171
-0.0219988 602.509
-0.0223323 602.846
-0.0226616 603.184
-0.0229811 603.522
-0.023291 603.859
-0.0235912 604.197
-0.0238894 604.535
-0.024184 604.873
-0.0244743 605.21
-0.0247593 605.548
-0.0250377 605.886
-0.0253179 606.224
-0.0256019 606.561
-0.0258924 606.899
-0.0261843 607.237
-0.0264766 607.575
-0.0267669 607.912
-0.0270482 608.25
-0.0273201 608.588
-0.0275809 608.925
-0.0278368 609.263
-0.028087 609.601
-0.0283313 609.939
-0.0285717 610.276
-0.028808 610.614
-0.0290412 610.952
-0.0292666 611.29
-0.0294869 611.627
-0.0297011 611.965
-0.0299104 612.303
-0.0301154 612.64
-0.0303154 612.978
-0.0305145 613.316
-0.0307099 613.654
-0.0309037 613.991
-0.0310936 614.329
-0.0312801 614.667
-0.0314666 615.005
-0.0316548 615.342
-0.0318479 615.68
-0.032043 616.018
-0.0322433 616.355
-0.032446 616.693
-0.0326543 617.031
-0.0328742 617.369
-0.0331032 617.706
-0.0333372 618.044
-0.0335673 618.382
-0.0337919 618.72
-0.0340088 619.057
-0.0342217 619.395
-0.0344311 619.733
-0.0346356 620.07
-0.0348414 620.408
-0.0350454 620.746
-0.03525 621.084
-0.0354536 621.421
-0.0356542 621.759
-0.0358536 622.097
-0.0360512 622.435
-0.0362468 622.772
-0.0364372 623.11
-0.0366281 623.448
-0.0368168 623.786
-0.0370041 624.123
-0.0371905 624.461
-0.0373705 624.799
-0.0375483 625.136
-0.0377234 625.474
-0.0378973 625.812
-0.0380676 626.15
-0.038235 626.487
-0.0384011 626.825
-0.0385639 627.163
-0.0387251 627.501
-0.0388804 627.838
-0.039034 628.176
-0.0391829 628.514
-0.0393192 628.851
-0.0394383 629.189
-0.039537 629.527
-0.0396208 629.865
-0.0396898 630.202
-0.039751 630.54
-0.0398056 630.878
-0.0398513 631.216
-0.0398888 631.553
-0.0399174 631.891
-0.0399423 632.229
-0.0399612 632.566
-0.0399742 632.904
-0.0399784 633.242
-0.0399763 633.58
-0.0399715 633.917
-0.03996 634.255
-0.0399455 634.593
-0.0399258 634.931
-0.0399022 635.268
-0.0398742 635.606
-0.0398415 635.944
-0.0398056 636.281
-0.0397656 636.619
-0.0397249 636.957
-0.0396793 637.295
-0.039631 637.632
-0.0395809 637.97
-0.0395292 638.308
-0.039477 638.646
-0.0394187 638.983
-0.0393527 639.321
-0.039275 639.659
-0.0391877 639.996
-0.0390896 640.334
-0.0389847 640.672
-0.0388815 641.01
-0.0387812 641.347
-0.0386883 641.685
-0.0385971 642.023
-0.0385062 642.361
-0.0384171 642.698
-0.0383334 643.036
-0.038256 643.374
-0.0381793 643.712
-0.0381038 644.049
-0.038026 644.387
-0.0379502 644.725
-0.0378759 645.062
-0.0378009 645.4
-0.0377258 645.738
-0.0376467 646.076
-0.0375655 646.413
-0.0374803 646.751
-0.0373937 647.089
-0.0373026 647.427
-0.0372057 647.764
-0.037105 648.102
-0.0369986 648.44
-0.0368914 648.777
-0.036778 649.115
-0.036657 649.453
-0.0365266 649.791
-0.0363838 650.128
-0.0362289 650.466
-0.0360599 650.804
-0.0358854 651.142
-0.0357096 651.479
-0.0355371 651.817
-0.0353646 652.155
-0.0351913 652.492
-0.035019 652.83
-0.0348399 653.168
-0.034657 653.506
-0.0344697 653.843
-0.0342792 654.181
-0.0340834 654.519
-0.033878 654.857
-0.0336624 655.194
-0.0334354 655.532
-0.0332035 655.87
-0.0329637 656.207
-0.0327165 656.545
-0.0324593 656.883
-0.0321902 657.221
-0.031916 657.558
-0.0316355 657.896
-0.0313497 658.234
-0.0310561 658.572
-0.0307584 658.909
-0.0304584 659.247
-0.0301562 659.585
-0.0298527 659.923
-0.0295419 660.26
-0.0292264 660.598
-0.0289039 660.936
-0.0285767 661.273
-0.0282512 661.611
-0.0279314 661.949
-0.0276223 662.287
-0.0273217 662.624
-0.0270304 662.962
-0.0267424 663.3
-0.0264564 663.638
-0.0261718 663.975
-0.0258874 664.313
-0.0256063 664.651
-0.0253247 664.988
-0.025042 665.326
-0.0247551 665.664
-0.0244669 666.002
-0.0241785 666.339
-0.023889 666.677
-0.0236024 667.015
-0.0233162 667.353
-0.0230325 667.69
-0.0227487 668.028
-0.0224653 668.366
-0.0221853 668.703
-0.021912 669.041
-0.0216455 669.379
-0.0213791 669.717
-0.0211173 670.054
-0.0208592 670.392
-0.0206045 670.73
-0.0203506 671.068
-0.0200923 671.405
-0.0198326 671.743
-0.0195747 672.081
-0.0193257 672.418
-0.0190838 672.756
-0.0188507 673.094
-0.0186228 673.432
-0.0183927 673.769
-0.0181607 674.107
-0.017922 674.445
-0.0176784 674.783
-0.0174284 675.12
-0.017173 675.458
-0.0169103 675.796
