-1.19354e-05 0.3377
-4.35387e-05 0.6754
-8.34757e-05 1.0131
-0.000132109 1.3508
-0.000187529 1.6885
-0.000247749 2.0262
-0.000316347 2.3639
-0.000387482 2.7016
-0.000464887 3.0393
-0.000546904 3.377
-0.000632738 3.7147
-0.000723185 4.0524
-0.000817117 4.3901
-0.000916049 4.7278
-0.00101675 5.0655
-0.00112311 5.4032
-0.00123175 5.7409
-0.00134353 6.0786
-0.00145977 6.4163
-0.00157763 6.754
-0.00169992 7.0917
-0.0018239 7.4294
-0.00195179 7.7671
-0.00208144 8.1048
-0.00221404 8.4425
-0.00234958 8.7802
-0.00248536 9.1179
-0.00262466 9.4556
-0.00276534 9.7933
-0.00291226 10.131
-0.00306688 10.4687
-0.00323157 10.8064
-0.00340567 11.1441
-0.00358268 11.4818
-0.00375861 11.8195
-0.00392537 12.1572
-0.00408484 12.4949
-0.00423789 12.8326
-0.00438833 13.1703
-0.00453757 13.508
-0.00468152 13.8457
-0.00482134 14.1834
-0.00495706 14.5211
-0.00509521 14.8588
-0.00523457 15.1965
-0.00537423 15.5342
-0.00551432 15.8719
-0.00565502 16.2096
-0.00580125 16.5473
-0.00595006 16.885
-0.00610271 17.2227
-0.00625842 17.5604
-0.0064203 17.8981
-0.00658833 18.2358
-0.0067589 18.5735
-0.00693516 18.9112
-0.00711566 19.2489
-0.00730328 19.5866
-0.00749483 19.9243
-0.00769124 20.262
-0.00789651 20.5997
-0.00811232 20.9374
-0.00834126 21.2751
-0.0085778 21.6128
-0.00882219 21.9505
-0.00906784 22.2882
-0.00931032 22.6259
-0.00954928 22.9636
-0.00978539 23.3013
-0.0100249 23.639
-0.0102664 23.9767
-0.0105143 24.3144
-0.0107673 24.6521
-0.0110245 24.9898
-0.0112874 25.3275
-0.0115572 25.6652
-0.0118396 26.0029
-0.0121297 26.3406
-0.0124273 26.6783
-0.0127289 27.016
-0.0130362 27.3537
-0.0133523 27.6914
-0.0136745 28.0291
-0.014004 28.3668
-0.0143356 28.7045
-0.0146691 29.0422
-0.0150043 29.3799
-0.0153425 29.7176
-0.0156812 30.0553
-0.0160163 30.393
-0.0163534 30.7307
-0.0166903 31.0684
-0.0170303 31.4061
-0.0173725 31.7438
-0.0177135 32.0815
-0.0180528 32.4192
-0.0183842 32.7569
-0.0187046 33.0946
-0.0190106 33.4323
-0.0193085 33.77
-0.0196002 34.1077
-0.0198886 34.4454
-0.0201757 34.7831
-0.0204589 35.1208
-0.0207442 35.4585
-0.0210286 35.7962
-0.0213121 36.1339
-0.0215966 36.4716
-0.0218839 36.8093
-0.0221726 37.147
-0.0224575 37.4847
-0.0227393 37.8224
-0.0230151 38.1601
-0.0232907 38.4978
-0.0235663 38.8355
-0.0238382 39.1732
-0.0241054 39.5109
-0.0243646 39.8486
-0.0246179 40.1863
-0.0248649 40.524
-0.0251104 40.8617
-0.025352 41.1994
-0.0255895 41.5371
-0.0258268 41.8748
-0.026064 42.2125
-0.0263052 42.5502
-0.0265435 42.8879
-0.0267752 43.2256
-0.0269986 43.5633
-0.0272165 43.901
-0.0274321 44.2387
-0.0276464 44.5764
-0.0278666 44.9141
-0.0280918 45.2518
-0.0283251 45.5895
-0.0285652 45.9272
-0.0288109 46.2649
-0.0290639 46.6026
-0.0293228 46.9403
-0.0295904 47.278
-0.0298609 47.6157
-0.0301337 47.9534
-0.0304044 48.2911
-0.0306728 48.6288
-0.0309426 48.9665
-0.0312101 49.3042
-0.031478 49.6419
-0.0317439 49.9796
-0.0320075 50.3173
-0.0322639 50.655
-0.0325127 50.9927
-0.0327605 51.3304
-0.0330079 51.6681
-0.0332579 52.0058
-0.0335052 52.3435
-0.0337523 52.6812
-0.034001 53.0189
-0.0342484 53.3566
-0.034492 53.6943
-0.0347256 54.032
-0.0349519 54.3697
-0.0351701 54.7074
-0.0353875 55.0451
-0.0356071 55.3828
-0.0358276 55.7205
-0.03605 56.0582
-0.0362691 56.3959
-0.0364867 56.7336
-0.0367004 57.0713
-0.0369111 57.409
-0.0371159 57.7467
-0.0373112 58.0844
-0.0374979 58.4221
-0.0376703 58.7598
-0.0378296 59.0975
-0.037974 59.4352
-0.0381077 59.7729
-0.0382335 60.1106
-0.0383491 60.4483
-0.0384539 60.786
-0.0385446 61.1237
-0.0386263 61.4614
-0.0386989 61.7991
-0.0387661 62.1368
-0.0388305 62.4745
-0.0388928 62.8122
-0.0389557 63.1499
-0.0390139 63.4876
-0.0390681 63.8253
-0.039115 64.163
-0.039155 64.5007
-0.0391883 64.8384
-0.0392139 65.1761
-0.0392355 65.5138
-0.0392561 65.8515
-0.0392828 66.1892
-0.0393117 66.5269
-0.0393407 66.8646
-0.0393658 67.2023
-0.0393845 67.54
-0.0394033 67.8777
-0.0394192 68.2154
-0.0394302 68.5531
-0.0394328 68.8908
-0.0394281 69.2285
-0.0394151 69.5662
-0.039395 69.9039
-0.039373 70.2416
-0.0393487 70.5793
-0.0393271 70.917
-0.0393032 71.2547
-0.0392771 71.5924
-0.0392518 71.9301
-0.0392267 72.2678
-0.0392048 72.6055
-0.0391871 72.9432
-0.0391783 73.2809
-0.0391733 73.6186
-0.039171 73.9563
-0.0391686 74.294
-0.039162 74.6317
-0.0391532 74.9694
-0.0391365 75.3071
-0.0391153 75.6448
-0.0390912 75.9825
-0.0390676 76.3202
-0.0390435 76.6579
-0.0390183 76.9956
-0.0389943 77.3333
-0.0389635 77.671
-0.0389256 78.0087
-0.0388767 78.3464
-0.0388177 78.6841
-0.038752 79.0218
-0.0386776 79.3595
-0.0385923 79.6972
-0.038491 80.0349
-0.0383798 80.3726
-0.0382616 80.7103
-0.0381418 81.048
-0.0380204 81.3857
-0.037891 81.7234
-0.0377571 82.0611
-0.037617 82.3988
-0.0374736 82.7365
-0.0373268 83.0742
-0.0371784 83.4119
-0.0370288 83.7496
-0.0368755 84.0873
-0.0367196 84.425
-0.0365529 84.7627
-0.0363755 85.1004
-0.0361861 85.4381
-0.0359846 85.7758
-0.0357727 86.1135
-0.0355508 86.4512
-0.0353252 86.7889
-0.0350944 87.1266
-0.0348609 87.4643
-0.0346229 87.802
-0.0343797 88.1397
-0.0341303 88.4774
-0.0338706 88.8151
-0.0336039 89.1528
-0.0333302 89.4905
-0.0330538 89.8282
-0.0327724 90.1659
-0.0324866 90.5036
-0.0321993 90.8413
-0.0319112 91.179
-0.0316289 91.5167
-0.0313523 91.8544
-0.0310838 92.1921
-0.0308197 92.5298
-0.0305557 92.8675
-0.0302921 93.2052
-0.0300334 93.5429
-0.0297851 93.8806
-0.0295405 94.2183
-0.0292986 94.556
-0.0290551 94.8937
-0.0288095 95.2314
-0.028562 95.5691
-0.0283068 95.9068
-0.0280469 96.2445
-0.0277831 96.5822
-0.0275198 96.9199
-0.0272578 97.2576
-0.0269996 97.5953
-0.0267453 97.933
-0.0264926 98.2707
-0.0262448 98.6084
-0.0259958 98.9461
-0.0257459 99.2838
-0.0254933 99.6215
-0.0252397 99.9592
-0.0249881 100.297
-0.0247352 100.635
-0.0244837 100.972
-0.0242322 101.31
-0.0239849 101.648
-0.0237409 101.985
-0.0235014 102.323
-0.0232669 102.661
-0.0230319 102.998
-0.0227961 103.336
-0.0225533 103.674
-0.0223068 104.012
-0.0220587 104.349
-0.0218088 104.687
-0.0215563 105.025
-0.0212949 105.362
-0.0210231 105.7
-0.0207361 106.038
-0.0204391 106.375
-0.0201338 106.713
-0.0198216 107.051
-0.0195069 107.389
-0.0191874 107.726
-0.0188686 108.064
-0.018552 108.402
-0.0182393 108.739
-0.0179252 109.077
-0.0176078 109.415
-0.0172897 109.752
-0.0169685 110.09
-0.0166477 110.428
-0.0163225 110.766
-0.0159966 111.103
-0.0156736 111.441
-0.0153516 111.779
-0.0150317 112.116
-0.0147148 112.454
-0.0144051 112.792
-0.0140982 113.129
-0.0137938 113.467
-0.0134874 113.805
-0.0131773 114.143
-0.0128681 114.48
-0.0125583 114.818
-0.0122519 115.156
-0.011948 115.493
-0.0116459 115.831
-0.0113419 116.169
-0.0110343 116.506
-0.0107254 116.844
-0.0104166 117.182
-0.0101176 117.52
-0.00982878 117.857
-0.00955183 118.195
-0.00928605 118.533
-0.00903041 118.87
-0.00878852 119.208
-0.00855864 119.546
-0.00833911 119.883
-0.00812275 120.221
-0.00791163 120.559
-0.00770598 120.897
-0.00750473 121.234
-0.00731071 121.572
-0.00712158 121.91
-0.00693816 122.247
-0.00675827 122.585
-0.00658771 122.923
-0.00642575 123.26
-0.00626772 123.598
-0.00611236 123.936
-0.0059544 124.274
-0.00579704 124.611
-0.00563824 124.949
-0.00547898 125.287
-0.00532107 125.624
-0.00516739 125.962
-0.00501737 126.3
-0.0048636 126.637
-0.0047083 126.975
-0.00454853 127.313
-0.00439032 127.651
-0.00423865 127.988
-0.00409321 128.326
-0.00395798 128.664
-0.0038308 129.001
-0.00371099 129.339
-0.00359264 129.677
-0.0034775 130.014
-0.00336473 130.352
-0.00325132 130.69
-0.00313602 131.028
-0.00301181 131.365
-0.00288464 131.703
-0.00275594 132.041
-0.00262706 132.378
-0.00249769 132.716
-0.00236636 133.054
-0.00223623 133.391
-0.00210639 133.729
-0.00198133 134.067
-0.00185577 134.405
-0.00172754 134.742
-0.00159569 135.08
-0.00146044 135.418
-0.00132966 135.755
-0.0012028 136.093
-0.00108278 136.431
-0.000967751 136.768
-0.000857756 137.106
-0.00075154 137.444
-0.000647949 137.782
-0.000552001 138.119
-0.000464267 138.457
-0.000392092 138.795
-0.000334943 139.132
-0.000292231 139.47
-0.00026114 139.808
-0.000235489 140.145
-0.000217369 140.483
-0.000204819 140.821
-0.000197641 141.159
-0.000190983 141.496
-0.000185372 141.834
-0.000182189 142.172
-0.00018222 142.509
-0.000189642 142.847
-0.000202131 143.185
-0.000225602 143.523
-0.000259291 143.86
-0.000300427 144.198
-0.000348903 144.536
-0.000405878 144.873
-0.000473182 145.211
-0.000544297 145.549
-0.000620092 145.886
-0.000700769 146.224
-0.000792498 146.562
-0.00089828 146.9
-0.00101345 147.237
-0.00113715 147.575
-0.0012643 147.913
-0.00139614 148.25
-0.00153275 148.588
-0.00167847 148.926
-0.00183375 149.263
-0.00199677 149.601
-0.00216981 149.939
-0.00234497 150.277
-0.00252088 150.614
-0.00269385 150.952
-0.00286259 151.29
-0.00302673 151.627
-0.00318468 151.965
-0.00333848 152.303
-0.00348482 152.64
-0.00362859 152.978
-0.00377096 153.316
-0.00391647 153.654
-0.00406708 153.991
-0.00421965 154.329
-0.00437706 154.667
-0.00453552 155.004
-0.00469675 155.342
-0.00485794 155.68
-0.00501955 156.017
-0.00518257 156.355
-0.00534462 156.693
-0.00551101 157.031
-0.00567982 157.368
-0.0058534 157.706
-0.00603018 158.044
-0.00620831 158.381
-0.00638442 158.719
-0.00655594 159.057
-0.00673065 159.394
-0.00690971 159.732
-0.00709805 160.07
-0.00728966 160.408
-0.00747805 160.745
-0.00766576 161.083
-0.00785221 161.421
-0.00803782 161.758
-0.0082187 162.096
-0.00839895 162.434
-0.0085786 162.771
-0.00876039 163.109
-0.00894757 163.447
-0.0091393 163.785
-0.0093443 164.122
-0.00956165 164.46
-0.00979145 164.798
-0.0100329 165.135
-0.0102841 165.473
-0.0105426 165.811
-0.0108056 166.148
-0.0110763 166.486
-0.0113515 166.824
-0.0116342 167.162
-0.0119226 167.499
-0.0122162 167.837
-0.0125177 168.175
-0.0128234 168.512
-0.0131327 168.85
-0.0134418 169.188
-0.0137521 169.525
-0.0140631 169.863
-0.0143778 170.201
-0.0147001 170.539
-0.0150264 170.876
-0.0153559 171.214
-0.0156811 171.552
-0.0160018 171.889
-0.0163192 172.227
-0.0166355 172.565
-0.016953 172.902
-0.0172683 173.24
-0.0175828 173.578
-0.0178957 173.916
-0.0182153 174.253
-0.0185432 174.591
-0.0188771 174.929
-0.0192161 175.266
-0.0195566 175.604
-0.0198996 175.942
-0.0202384 176.279
-0.0205716 176.617
-0.0208964 176.955
-0.0212147 177.293
-0.0215303 177.63
-0.0218396 177.968
-0.0221441 178.306
-0.0224404 178.643
-0.0227318 178.981
-0.0230169 179.319
-0.023292 179.656
-0.0235595 179.994
-0.0238196 180.332
-0.024078 180.67
-0.024333 181.007
-0.0245879 181.345
-0.0248401 181.683
-0.0250866 182.02
-0.0253262 182.358
-0.0255562 182.696
-0.0257855 183.033
-0.0260135 183.371
-0.0262416 183.709
-0.0264702 184.047
-0.0266991 184.384
-0.0269312 184.722
-0.0271676 185.06
-0.027414 185.397
-0.0276664 185.735
-0.0279229 186.073
-0.0281773 186.41
-0.0284247 186.748
-0.0286691 187.086
-0.0289081 187.424
-0.0291437 187.761
-0.0293741 188.099
-0.0296038 188.437
-0.0298342 188.774
-0.0300638 189.112
-0.0302943 189.45
-0.030521 189.787
-0.0307471 190.125
-0.0309728 190.463
-0.0312015 190.801
-0.0314336 191.138
-0.0316692 191.476
-0.031912 191.814
-0.0321583 192.151
-0.032408 192.489
-0.032654 192.827
-0.032897 193.164
-0.0331416 193.502
-0.0333884 193.84
-0.0336383 194.178
-0.0338889 194.515
-0.0341422 194.853
-0.0343955 195.191
-0.0346511 195.528
-0.034908 195.866
-0.0351649 196.204
-0.0354235 196.541
-0.0356735 196.879
-0.0359106 197.217
-0.0361324 197.555
-0.0363418 197.892
-0.0365409 198.23
-0.036732 198.568
-0.0369171 198.905
-0.0370927 199.243
-0.0372639 199.581
-0.0374283 199.918
-0.0375868 200.256
-0.0377398 200.594
-0.0378849 200.932
-0.0380247 201.269
-0.03816 201.607
-0.0382965 201.945
-0.0384303 202.282
-0.0385599 202.62
-0.0386815 202.958
-0.038792 203.295
-0.0388958 203.633
-0.0389892 203.971
-0.0390739 204.309
-0.0391519 204.646
-0.0392268 204.984
-0.0392956 205.322
-0.039356 205.659
-0.0394113 205.997
-0.039459 206.335
-0.0395038 206.672
-0.0395416 207.01
-0.0395694 207.348
-0.0395846 207.686
-0.0395836 208.023
-0.0395712 208.361
-0.039549 208.699
-0.0395243 209.036
-0.0394981 209.374
-0.039474 209.712
-0.0394509 210.049
-0.0394252 210.387
-0.0394017 210.725
-0.0393794 211.063
-0.0393618 211.4
-0.0393447 211.738
-0.0393275 212.076
-0.0393141 212.413
-0.0393053 212.751
-0.0393011 213.089
-0.0392926 213.426
-0.0392799 213.764
-0.0392609 214.102
-0.0392376 214.44
-0.0392133 214.777
-0.0391862 215.115
-0.03916 215.453
-0.0391312 215.79
-0.0391012 216.128
-0.0390701 216.466
-0.0390386 216.803
-0.0390057 217.141
-0.0389679 217.479
-0.0389271 217.817
-0.0388786 218.154
-0.0388222 218.492
-0.0387551 218.83
-0.038682 219.167
-0.0386108 219.505
-0.0385424 219.843
-0.0384786 220.18
-0.0384142 220.518
-0.0383496 220.856
-0.0382833 221.194
-0.0382156 221.531
-0.0381457 221.869
-0.0380709 222.207
-0.0379939 222.544
-0.03791 222.882
-0.03782 223.22
-0.0377219 223.557
-0.0376149 223.895
-0.0374976 224.233
-0.0373649 224.571
-0.0372185 224.908
-0.0370583 225.246
-0.0368919 225.584
-0.0367195 225.921
-0.0365394 226.259
-0.0363512 226.597
-0.0361545 226.934
-0.0359536 227.272
-0.0357464 227.61
-0.0355346 227.948
-0.0353128 228.285
-0.0350798 228.623
-0.0348385 228.961
-0.0345875 229.298
-0.0343319 229.636
-0.0340734 229.974
-0.0338193 230.311
-0.0335693 230.649
-0.0333213 230.987
-0.0330727 231.325
-0.0328201 231.662
-0.032567 232
-0.032309 232.338
-0.0320501 232.675
-0.03179 233.013
-0.031525 233.351
-0.0312544 233.688
-0.0309782 234.026
-0.0307003 234.364
-0.0304153 234.702
-0.0301255 235.039
-0.02983 235.377
-0.0295313 235.715
-0.0292352 236.052
-0.0289396 236.39
-0.0286495 236.728
-0.028365 237.065
-0.0280864 237.403
-0.0278104 237.741
-0.0275381 238.079
-0.0272719 238.416
-0.0270086 238.754
-0.026749 239.092
-0.0264846 239.429
-0.0262187 239.767
-0.0259578 240.105
-0.0257041 240.442
-0.0254608 240.78
-0.0252248 241.118
-0.0249951 241.456
-0.0247657 241.793
-0.0245378 242.131
-0.0243075 242.469
-0.0240718 242.806
-0.0238353 243.144
-0.0235952 243.482
-0.0233526 243.819
-0.0231038 244.157
-0.0228486 244.495
-0.0225867 244.833
-0.0223202 245.17
-0.0220504 245.508
-0.0217746 245.846
-0.0214985 246.183
-0.0212199 246.521
-0.0209426 246.859
-0.0206688 247.196
-0.0203974 247.534
-0.0201296 247.872
-0.0198613 248.21
-0.019593 248.547
-0.0193219 248.885
-0.019049 249.223
-0.0187715 249.56
-0.0184868 249.898
-0.0181952 250.236
-0.0178966 250.573
-0.0175991 250.911
-0.0173027 251.249
-0.0170104 251.587
-0.016719 251.924
-0.0164218 252.262
-0.0161163 252.6
-0.0158006 252.937
-0.0154816 253.275
-0.0151591 253.613
-0.0148323 253.95
-0.0144993 254.288
-0.0141633 254.626
-0.0138284 254.964
-0.0134901 255.301
-0.0131515 255.639
-0.0128132 255.977
-0.0124809 256.314
-0.012156 256.652
-0.0118369 256.99
-0.0115266 257.327
-0.0112242 257.665
-0.0109337 258.003
-0.0106519 258.341
-0.0103792 258.678
-0.0101119 259.016
-0.00984701 259.354
-0.00958695 259.691
-0.00932765 260.029
-0.0090706 260.367
-0.00881255 260.704
-0.00855727 261.042
-0.00830821 261.38
-0.00806727 261.718
-0.00783931 262.055
-0.0076197 262.393
-0.00740629 262.731
-0.00719196 263.068
-0.00697698 263.406
-0.00676332 263.744
-0.00655408 264.081
-0.00635434 264.419
-0.00615862 264.757
-0.00596916 265.095
-0.00578421 265.432
-0.00560504 265.77
-0.00543385 266.108
-0.00527073 266.445
-0.00511759 266.783
-0.00497077 267.121
-0.00483397 267.458
-0.00470537 267.796
-0.00458608 268.134
-0.00447393 268.472
-0.00436308 268.809
-0.00425658 269.147
-0.00415154 269.485
-0.00404562 269.822
-0.0039332 270.16
-0.00381519 270.498
-0.00369243 270.835
-0.00356525 271.173
-0.00343753 271.511
-0.00330574 271.849
-0.00317702 272.186
-0.00305496 272.524
-0.00293808 272.862
-0.00282136 273.199
-0.00269999 273.537
-0.00257473 273.875
-0.00244455 274.212
-0.00231556 274.55
-0.00218774 274.888
-0.00206515 275.226
-0.00194813 275.563
-0.0018306 275.901
-0.00171579 276.239
-0.00160408 276.576
-0.00149837 276.914
-0.00139848 277.252
-0.00130586 277.589
-0.00121746 277.927
-0.0011316 278.265
-0.00105216 278.603
-0.000975355 278.94
-0.000904125 279.278
-0.000833508 279.616
-0.000760656 279.953
-0.000687399 280.291
-0.000612779 280.629
-0.00053788 280.966
-0.000460842 281.304
-0.000387102 281.642
-0.000316744 281.98
-0.000255008 282.317
-0.000206518 282.655
-0.000170423 282.993
-0.000148295 283.33
-0.000134527 283.668
-0.000130527 284.006
-0.000132224 284.343
-0.000138742 284.681
-0.00015242 285.019
-0.000175726 285.357
-0.000215882 285.694
-0.000267778 286.032
-0.000329585 286.37
-0.000398432 286.707
-0.000476582 287.045
-0.000565705 287.383
-0.000663234 287.72
-0.000771696 288.058
-0.000886275 288.396
-0.00100845 288.734
-0.00113402 289.071
-0.00126168 289.409
-0.00139477 289.747
-0.00153111 290.084
-0.00167 290.422
-0.00180441 290.76
-0.00193682 291.097
-0.00206854 291.435
-0.00220261 291.773
-0.00234136 292.111
-0.00248272 292.448
-0.00263269 292.786
-0.00279119 293.124
-0.00296207 293.461
-0.0031429 293.799
-0.00332872 294.137
-0.00351636 294.474
-0.00370138 294.812
-0.0038868 295.15
-0.00407098 295.488
-0.00425777 295.825
-0.00444628 296.163
-0.00463601 296.501
-0.00482847 296.838
-0.00501922 297.176
-0.00520825 297.514
-0.00539249 297.851
-0.00557656 298.189
-0.00576125 298.527
-0.00594473 298.865
-0.00612527 299.202
-0.00629918 299.54
-0.00647022 299.878
-0.00663789 300.215
-0.00680638 300.553
-0.00697375 300.891
-0.00713677 301.228
-0.00729664 301.566
-0.00745418 301.904
-0.00761505 302.242
-0.00777932 302.579
-0.0079526 302.917
-0.00813641 303.255
-0.00833128 303.592
-0.00853644 303.93
-0.00874854 304.268
-0.00897138 304.605
-0.00919761 304.943
-0.00942233 305.281
-0.0096441 305.619
-0.00986698 305.956
-0.0100956 306.294
-0.0103291 306.632
-0.0105681 306.969
-0.0108076 307.307
-0.0110522 307.645
-0.0113001 307.982
-0.0115495 308.32
-0.0118043 308.658
-0.0120632 308.996
-0.012328 309.333
-0.0125962 309.671
-0.0128693 310.009
-0.0131438 310.346
-0.0134215 310.684
-0.0137071 311.022
-0.0139978 311.359
-0.0142967 311.697
-0.0145981 312.035
-0.0149011 312.373
-0.0152087 312.71
-0.0155246 313.048
-0.0158526 313.386
-0.0161906 313.723
-0.0165396 314.061
-0.0168933 314.399
-0.0172529 314.736
-0.0176141 315.074
-0.0179701 315.412
-0.0183215 315.75
-0.0186637 316.087
-0.0189998 316.425
-0.01933 316.763
-0.0196585 317.1
-0.0199854 317.438
-0.0203095 317.776
-0.0206311 318.113
-0.020944 318.451
-0.0212531 318.789
-0.0215595 319.127
-0.021866 319.464
-0.0221709 319.802
-0.02247 320.14
-0.0227646 320.477
-0.0230539 320.815
-0.023343 321.153
-0.0236281 321.49
-0.0239105 321.828
-0.0241919 322.166
-0.02447 322.504
-0.0247447 322.841
-0.0250123 323.179
-0.025278 323.517
-0.0255443 323.854
-0.0258154 324.192
-0.0260878 324.53
-0.026357 324.867
-0.0266237 325.205
-0.026881 325.543
-0.0271284 325.881
-0.0273644 326.218
-0.027591 326.556
-0.0278082 326.894
-0.0280175 327.231
-0.028226 327.569
-0.0284342 327.907
-0.0286452 328.244
-0.0288547 328.582
-0.0290636 328.92
-0.0292734 329.258
-0.0294839 329.595
-0.0296991 329.933
-0.0299184 330.271
-0.0301436 330.608
-0.0303688 330.946
-0.030594 331.284
-0.0308206 331.621
-0.0310503 331.959
-0.0312873 332.297
-0.0315265 332.635
-0.0317674 332.972
-0.0320056 333.31
-0.0322439 333.648
-0.032485 333.985
-0.0327285 334.323
-0.0329764 334.661
-0.0332253 334.998
-0.0334779 335.336
-0.0337281 335.674
-0.0339715 336.012
-0.0342046 336.349
-0.0344265 336.687
-0.0346436 337.025
-0.0348546 337.362
-0.0350629 337.7
-0.0352685 338.038
-0.0354763 338.375
-0.0356882 338.713
-0.0359011 339.051
-0.036115 339.389
-0.0363247 339.726
-0.0365343 340.064
-0.0367425 340.402
-0.0369496 340.739
-0.0371558 341.077
-0.0373571 341.415
-0.037552 341.752
-0.0377361 342.09
-0.0379142 342.428
-0.0380861 342.766
-0.0382532 343.103
-0.038412 343.441
-0.0385565 343.779
-0.0386913 344.116
-0.0388141 344.454
-0.0389293 344.792
-0.0390396 345.129
-0.0391442 345.467
-0.0392397 345.805
-0.0393227 346.142
-0.0393934 346.48
-0.0394483 346.818
-0.0394918 347.156
-0.0395215 347.493
-0.0395404 347.831
-0.0395574 348.169
-0.0395733 348.506
-0.0395897 348.844
-0.0396045 349.182
-0.0396204 349.519
-0.0396363 349.857
-0.0396512 350.195
-0.0396624 350.533
-0.0396672 350.87
-0.0396703 351.208
-0.0396693 351.546
-0.0396659 351.883
-0.0396561 352.221
-0.039637 352.559
-0.0396104 352.896
-0.0395797 353.234
-0.0395488 353.572
-0.0395111 353.91
-0.0394687 354.247
-0.0394205 354.585
-0.0393677 354.923
-0.039314 355.26
-0.0392612 355.598
-0.0392136 355.936
-0.0391669 356.273
-0.0391189 356.611
-0.039064 356.949
-0.0390047 357.287
-0.0389437 357.624
-0.0388801 357.962
-0.0388195 358.3
-0.0387609 358.637
-0.0387086 358.975
-0.0386628 359.313
-0.0386235 359.65
-0.0385889 359.988
-0.0385547 360.326
-0.0385214 360.664
-0.0384825 361.001
-0.0384404 361.339
-0.0383934 361.677
-0.0383392 362.014
-0.0382776 362.352
-0.0382071 362.69
-0.0381309 363.027
-0.0380445 363.365
-0.0379508 363.703
-0.0378488 364.041
-0.0377412 364.378
-0.0376304 364.716
-0.0375099 365.054
-0.0373818 365.391
-0.0372474 365.729
-0.0371134 366.067
-0.0369791 366.404
-0.036842 366.742
-0.0366995 367.08
-0.0365451 367.418
-0.0363821 367.755
-0.0362076 368.093
-0.0360265 368.431
-0.0358422 368.768
-0.0356556 369.106
-0.0354679 369.444
-0.0352759 369.781
-0.0350821 370.119
-0.034883 370.457
-0.0346805 370.795
-0.0344699 371.132
-0.0342465 371.47
-0.0340123 371.808
-0.033765 372.145
-0.0335106 372.483
-0.0332458 372.821
-0.0329705 373.158
-0.0326866 373.496
-0.0323972 373.834
-0.0321051 374.172
-0.0318087 374.509
-0.0315118 374.847
-0.0312122 375.185
-0.0309133 375.522
-0.0306144 375.86
-0.0303166 376.198
-0.0300257 376.535
-0.0297386 376.873
-0.0294569 377.211
-0.0291782 377.549
-0.0288999 377.886
-0.0286161 378.224
-0.0283269 378.562
-0.0280392 378.899
-0.0277564 379.237
-0.0274826 379.575
-0.0272119 379.912
-0.0269452 380.25
-0.0266824 380.588
-0.0264207 380.926
-0.0261613 381.263
-0.0259002 381.601
-0.0256371 381.939
-0.025369 382.276
-0.0250979 382.614
-0.0248223 382.952
-0.0245448 383.289
-0.0242711 383.627
-0.023997 383.965
-0.0237248 384.303
-0.0234548 384.64
-0.023191 384.978
-0.0229338 385.316
-0.0226809 385.653
-0.0224307 385.991
-0.0221807 386.329
-0.0219373 386.666
-0.0216982 387.004
-0.0214644 387.342
-0.0212334 387.68
-0.0209994 388.017
-0.0207621 388.355
-0.0205167 388.693
-0.0202637 389.03
-0.0200015 389.368
-0.0197375 389.706
-0.019475 390.043
-0.0192127 390.381
-0.0189507 390.719
-0.0186814 391.057
-0.0184064 391.394
-0.0181245 391.732
-0.0178379 392.07
-0.017545 392.407
-0.0172433 392.745
-0.0169345 393.083
-0.0166163 393.42
-0.0162966 393.758
-0.0159768 394.096
-0.0156579 394.434
-0.01534 394.771
-0.0150233 395.109
-0.0147125 395.447
-0.0144047 395.784
-0.014101 396.122
-0.0137976 396.46
-0.0134968 396.797
-0.0131983 397.135
-0.0128987 397.473
-0.0126032 397.811
-0.0123104 398.148
-0.012019 398.486
-0.0117212 398.824
-0.0114156 399.161
-0.0111047 399.499
-0.0107919 399.837
-0.0104833 400.174
-0.0101775 400.512
-0.00988041 400.85
-0.00959116 401.188
-0.00930692 401.525
-0.0090263 401.863
-0.0087474 402.201
-0.00847237 402.538
-0.00820154 402.876
-0.00793933 403.214
-0.00768065 403.551
-0.00742645 403.889
-0.00718042 404.227
-0.00694381 404.565
-0.00672232 404.902
-0.00651298 405.24
-0.00631555 405.578
-0.00612805 405.915
-0.00595107 406.253
-0.00578275 406.591
-0.00562127 406.928
-0.00546723 407.266
-0.00531465 407.604
-0.0051669 407.942
-0.00502272 408.279
-0.00488205 408.617
-0.00474396 408.955
-0.00460359 409.292
-0.00446023 409.63
-0.00431122 409.968
-0.00416233 410.305
-0.00401627 410.643
-0.00387897 410.981
-0.00375195 411.319
-0.00363204 411.656
-0.00351862 411.994
-0.00340452 412.332
-0.00329354 412.669
-0.00318557 413.007
-0.00307922 413.345
-0.00297317 413.682
-0.00286687 414.02
-0.00276483 414.358
-0.00266449 414.696
-0.00256801 415.033
-0.00247332 415.371
-0.00238483 415.709
-0.00230384 416.046
-0.00222324 416.384
-0.00214243 416.722
-0.00205729 417.059
-0.00197184 417.397
-0.0018847 417.735
-0.00179429 418.073
-0.00170047 418.41
-0.00160252 418.748
-0.00150428 419.086
-0.00140192 419.423
-0.00129895 419.761
-0.00119287 420.099
-0.0010826 420.436
-0.000972596 420.774
-0.00086673 421.112
-0.000773085 421.45
-0.000690767 421.787
-0.000621782 422.125
-0.000560936 422.463
-0.000505051 422.8
-0.000454285 423.138
-0.000406911 423.476
-0.000368336 423.813
-0.000334814 424.151
-0.000306454 424.489
-0.00028283 424.827
-0.000266156 425.164
-0.000258984 425.502
-0.000260473 425.84
-0.000274622 426.177
-0.000295968 426.515
-0.000324866 426.853
-0.000359835 427.19
-0.000398714 427.528
-0.000441653 427.866
-0.000486474 428.204
-0.000536705 428.541
-0.000592546 428.879
-0.000657662 429.217
-0.000727009 429.554
-0.000799095 429.892
-0.000879037 430.23
-0.00096613 430.567
-0.00106225 430.905
-0.00116439 431.243
-0.00127681 431.581
-0.00140345 431.918
-0.00154839 432.256
-0.0017102 432.594
-0.00187959 432.931
-0.00205563 433.269
-0.00223367 433.607
-0.00241449 433.944
-0.00259732 434.282
-0.00278231 434.62
-0.00296965 434.958
-0.00315605 435.295
-0.00334304 435.633
-0.00352861 435.971
-0.00371985 436.308
-0.00391565 436.646
-0.00411188 436.984
-0.00430891 437.321
-0.00450193 437.659
-0.00469118 437.997
-0.00487521 438.335
-0.00505779 438.672
-0.00523779 439.01
-0.00541723 439.348
-0.0055983 439.685
-0.00577776 440.023
-0.00596043 440.361
-0.00614142 440.698
-0.00632189 441.036
-0.00650468 441.374
-0.00669117 441.712
-0.0068837 442.049
-0.00708155 442.387
-0.00728801 442.725
-0.00749888 443.062
-0.00771533 443.4
-0.00793118 443.738
-0.00814035 444.075
-0.00834416 444.413
-0.00854097 444.751
-0.00873774 445.089
-0.00893352 445.426
-0.00912762 445.764
-0.00931774 446.102
-0.00950647 446.439
-0.00970167 446.777
-0.00990196 447.115
-0.0101087 447.452
-0.0103176 447.79
-0.0105302 448.128
-0.0107438 448.466
-0.0109563 448.803
-0.011173 449.141
-0.0113958 449.479
-0.0116296 449.816
-0.0118702 450.154
-0.0121183 450.492
-0.0123744 450.829
-0.0126375 451.167
-0.0129095 451.505
-0.0131865 451.843
-0.0134724 452.18
-0.013767 452.518
-0.0140725 452.856
-0.0143882 453.193
-0.0147106 453.531
-0.0150373 453.869
-0.0153622 454.206
-0.0156854 454.544
-0.0160028 454.882
-0.0163168 455.22
-0.0166292 455.557
-0.01694 455.895
-0.0172537 456.233
-0.0175682 456.57
-0.0178853 456.908
-0.0182036 457.246
-0.0185272 457.583
-0.0188581 457.921
-0.0191948 458.259
-0.019534 458.597
-0.0198673 458.934
-0.0201982 459.272
-0.0205273 459.61
-0.0208583 459.947
-0.0211924 460.285
-0.0215277 460.623
-0.0218638 460.96
-0.0221965 461.298
-0.0225274 461.636
-0.0228528 461.974
-0.0231748 462.311
-0.0234934 462.649
-0.0238079 462.987
-0.0241209 463.324
-0.024428 463.662
-0.0247314 464
-0.0250282 464.337
-0.0253149 464.675
-0.025586 465.013
-0.0258416 465.351
-0.0260895 465.688
-0.0263292 466.026
-0.0265645 466.364
-0.0267943 466.701
-0.0270226 467.039
-0.0272519 467.377
-0.0274817 467.714
-0.0277139 468.052
-0.0279458 468.39
-0.0281831 468.728
-0.0284201 469.065
-0.0286532 469.403
-0.0288818 469.741
-0.0291041 470.078
-0.0293252 470.416
-0.0295472 470.754
-0.0297745 471.091
-0.0300021 471.429
-0.0302274 471.767
-0.0304479 472.105
-0.0306636 472.442
-0.0308817 472.78
-0.0310975 473.118
-0.0313127 473.455
-0.0315277 473.793
-0.0317432 474.131
-0.0319593 474.468
-0.0321738 474.806
-0.0323859 475.144
-0.0325898 475.482
-0.0327904 475.819
-0.0329871 476.157
-0.0331835 476.495
-0.0333852 476.832
-0.0335915 477.17
-0.0338058 477.508
-0.0340248 477.845
-0.0342497 478.183
-0.0344799 478.521
-0.0347177 478.859
-0.0349596 479.196
-0.0351988 479.534
-0.0354362 479.872
-0.0356669 480.209
-0.0358923 480.547
-0.0361127 480.885
-0.0363289 481.222
-0.0365433 481.56
-0.0367561 481.898
-0.0369661 482.236
-0.0371644 482.573
-0.0373528 482.911
-0.0375321 483.249
-0.0377066 483.586
-0.0378784 483.924
-0.038042 484.262
-0.0381993 484.599
-0.0383488 484.937
-0.0384921 485.275
-0.0386256 485.613
-0.0387495 485.95
-0.0388636 486.288
-0.0389663 486.626
-0.0390632 486.963
-0.0391561 487.301
-0.0392506 487.639
-0.0393435 487.976
-0.0394333 488.314
-0.039521 488.652
-0.0396044 488.99
-0.0396843 489.327
-0.0397551 489.665
-0.0398176 490.003
-0.0398678 490.34
-0.0399033 490.678
-0.039924 491.016
-0.0399312 491.353
-0.0399333 491.691
-0.0399283 492.029
-0.0399179 492.367
-0.0398991 492.704
-0.0398712 493.042
-0.0398362 493.38
-0.0397932 493.717
-0.0397467 494.055
-0.0396964 494.393
-0.0396482 494.73
-0.0395997 495.068
-0.0395487 495.406
-0.0394955 495.744
-0.0394373 496.081
-0.0393794 496.419
-0.0393204 496.757
-0.0392611 497.094
-0.0391997 497.432
-0.0391396 497.77
-0.0390869 498.107
-0.0390396 498.445
-0.0389979 498.783
-0.0389557 499.121
-0.038915 499.458
-0.0388727 499.796
-0.0388259 500.134
-0.0387752 500.471
-0.0387157 500.809
-0.0386485 501.147
-0.0385705 501.484
-0.0384869 501.822
-0.038402 502.16
-0.0383177 502.498
-0.0382364 502.835
-0.0381532 503.173
-0.0380678 503.511
-0.0379775 503.848
-0.0378871 504.186
-0.0377966 504.524
-0.0377071 504.861
-0.0376224 505.199
-0.0375361 505.537
-0.0374485 505.875
-0.037357 506.212
-0.0372617 506.55
-0.0371608 506.888
-0.0370531 507.225
-0.0369405 507.563
-0.0368232 507.901
-0.0367045 508.238
-0.0365775 508.576
-0.0364455 508.914
-0.0363121 509.252
-0.0361734 509.589
-0.0360269 509.927
-0.035867 510.265
-0.0356939 510.602
-0.0355068 510.94
-0.0353088 511.278
-0.035096 511.615
-0.034868 511.953
-0.0346311 512.291
-0.0343867 512.629
-0.0341434 512.966
-0.0339004 513.304
-0.0336552 513.642
-0.0334047 513.979
-0.0331487 514.317
-0.0328891 514.655
-0.0326255 514.992
-0.0323648 515.33
-0.0321038 515.668
-0.0318428 516.006
-0.0315779 516.343
-0.0313055 516.681
-0.0310288 517.019
-0.0307464 517.356
-0.0304601 517.694
-0.0301677 518.032
-0.029874 518.369
-0.0295792 518.707
-0.0292824 519.045
-0.0289867 519.383
-0.0286891 519.72
-0.0283936 520.058
-0.0280967 520.396
-0.0277974 520.733
-0.0274946 521.071
-0.027187 521.409
-0.0268759 521.746
-0.0265608 522.084
-0.0262494 522.422
-0.0259405 522.76
-0.0256371 523.097
-0.0253425 523.435
-0.0250587 523.773
-0.024789 524.11
-0.0245248 524.448
-0.0242632 524.786
-0.0240007 525.123
-0.0237429 525.461
-0.0234934 525.799
-0.0232497 526.137
-0.0230102 526.474
-0.0227683 526.812
-0.0225256 527.15
-0.0222782 527.487
-0.0220269 527.825
-0.0217732 528.163
-0.0215174 528.5
-0.0212634 528.838
-0.0210064 529.176
-0.0207494 529.514
-0.0204926 529.851
-0.0202368 530.189
-0.019981 530.527
-0.0197232 530.864
-0.0194637 531.202
-0.0191976 531.54
-0.0189282 531.877
-0.0186538 532.215
-0.0183753 532.553
-0.018095 532.891
-0.0178147 533.228
-0.0175406 533.566
-0.0172702 533.904
-0.017005 534.241
-0.0167431 534.579
-0.0164826 534.917
-0.0162191 535.254
-0.0159482 535.592
-0.0156723 535.93
-0.0153907 536.268
-0.0151089 536.605
-0.0148242 536.943
-0.0145351 537.281
-0.0142385 537.618
-0.0139292 537.956
-0.0136123 538.294
-0.0132909 538.631
-0.0129703 538.969
-0.0126485 539.307
-0.0123259 539.645
-0.0120041 539.982
-0.0116859 540.32
-0.0113739 540.658
-0.0110626 540.995
-0.0107567 541.333
-0.0104542 541.671
-0.010153 542.008
-0.00985284 542.346
-0.00955352 542.684
-0.0092601 543.022
-0.00897274 543.359
-0.00869498 543.697
-0.0084248 544.035
-0.00816708 544.372
-0.00792316 544.71
-0.00768733 545.048
-0.00745916 545.385
-0.00723128 545.723
-0.00700455 546.061
-0.0067791 546.399
-0.00655666 546.736
-0.00633755 547.074
-0.00612192 547.412
-0.00591343 547.749
-0.00570561 548.087
-0.00550036 548.425
-0.00529572 548.762
-0.00509371 549.1
-0.00490176 549.438
-0.00472128 549.776
-0.00455326 550.113
-0.0043932 550.451
-0.00424357 550.789
-0.00410211 551.126
-0.00397182 551.464
-0.00385371 551.802
-0.00373957 552.139
-0.00362958 552.477
-0.00351962 552.815
-0.00341219 553.153
-0.00330862 553.49
-0.00321034 553.828
-0.00311771 554.166
-0.00302902 554.503
-0.00294833 554.841
-0.00287151 555.179
-0.00279877 555.516
-0.00272435 555.854
-0.00264456 556.192
-0.00256082 556.53
-0.00246991 556.867
-0.00237458 557.205
-0.00227627 557.543
-0.0021809 557.88
-0.00208517 558.218
-0.00198593 558.556
-0.00188544 558.893
-0.00178415 559.231
-0.00168679 559.569
-0.00159119 559.907
-0.00150184 560.244
-0.0014209 560.582
-0.00134813 560.92
-0.00128088 561.257
-0.00121441 561.595
-0.00115299 561.933
-0.00109503 562.27
-0.00104128 562.608
-0.000987162 562.946
-0.000928528 563.284
-0.000865955 563.621
-0.000801667 563.959
-0.000743198 564.297
-0.00068925 564.634
-0.000642375 564.972
-0.000600018 565.31
-0.000561261 565.647
-0.0005286 565.985
-0.000498084 566.323
-0.000469127 566.661
-0.000438123 566.998
-0.000408787 567.336
-0.000382339 567.674
-0.000362828 568.011
-0.000354124 568.349
-0.000353484 568.687
-0.000363602 569.024
-0.000381033 569.362
-0.000409034 569.7
-0.000447914 570.038
-0.000498937 570.375
-0.000566214 570.713
-0.000647338 571.051
-0.000742684 571.388
-0.0008463 571.726
-0.000959127 572.064
-0.00107975 572.401
-0.00120734 572.739
-0.00134117 573.077
-0.00147526 573.415
-0.0016124 573.752
-0.00174875 574.09
-0.0018861 574.428
-0.00202648 574.765
-0.00217393 575.103
-0.00233417 575.441
-0.0025029 575.778
-0.00267784 576.116
-0.00285241 576.454
-0.0030302 576.792
-0.00321138 577.129
-0.00339224 577.467
-0.00357394 577.805
-0.0037552 578.142
-0.00394258 578.48
-0.0041362 578.818
-0.00433707 579.156
-0.00454283 579.493
-0.00475197 579.831
-0.0049649 580.169
-0.00517779 580.506
-0.00539741 580.844
-0.00562213 581.182
-0.00585051 581.519
-0.00608033 581.857
-0.00630791 582.195
-0.00653296 582.533
-0.00675191 582.87
-0.00696739 583.208
-0.00717726 583.546
-0.00738243 583.883
-0.00757926 584.221
-0.00776593 584.559
-0.00794928 584.896
-0.00812972 585.234
-0.00831309 585.572
-0.00850184 585.91
-0.00869717 586.247
-0.0088957 586.585
-0.00909555 586.923
-0.0092963 587.26
-0.00949256 587.598
-0.00968977 587.936
-0.00988855 588.273
-0.0100916 588.611
-0.0103005 588.949
-0.0105132 589.287
-0.0107323 589.624
-0.0109589 589.962
-0.0111948 590.3
-0.0114321 590.637
-0.0116714 590.975
-0.0119149 591.313
-0.0121643 591.65
-0.0124231 591.988
-0.0126836 592.326
-0.0129444 592.664
-0.0132035 593.001
-0.0134629 593.339
-0.0137219 593.677
-0.0139814 594.014
-0.014244 594.352
-0.0145057 594.69
-0.0147691 595.027
-0.015033 595.365
-0.0153039 595.703
-0.0155866 596.041
-0.0158819 596.378
-0.0161913 596.716
-0.0165089 597.054
-0.0168352 597.391
-0.0171639 597.729
-0.0174936 598.067
-0.0178248 598.404
-0.0181573 598.742
-0.0184951 599.08
-0.0188359 599.418
-0.0191822 599.755
-0.0195306 600.093
-0.0198813 600.431
-0.020232 600.768
-0.0205802 601.106
-0.0209292 601.444
-0.0212723 601.781
-0.0216117 602.119
-0.0219475 602.457
-0.0222814 602.795
-0.0226118 603.132
-0.0229326 603.47
-0.0232441 603.808
-0.0235452 604.145
-0.0238438 604.483
-0.024139 604.821
-0.0244299 605.158
-0.0247159 605.496
-0.0249947 605.834
-0.0252744 606.172
-0.0255576 606.509
-0.0258474 606.847
-0.0261391 607.185
-0.0264315 607.522
-0.0267226 607.86
-0.0270052 608.198
-0.0272787 608.535
-0.0275408 608.873
-0.0277975 609.211
-0.0280486 609.549
-0.0282936 609.886
-0.0285347 610.224
-0.0287715 610.562
-0.0290055 610.899
-0.0292319 611.237
-0.029453 611.575
-0.029668 611.912
-0.029878 612.25
-0.0300838 612.588
-0.0302842 612.926
-0.0304837 613.263
-0.0306795 613.601
-0.0308737 613.939
-0.0310641 614.276
-0.0312509 614.614
-0.0314373 614.952
-0.031625 615.289
-0.0318175 615.627
-0.0320121 615.965
-0.0322117 616.303
-0.0324138 616.64
-0.0326208 616.978
-0.0328391 617.316
-0.0330669 617.653
-0.0333007 617.991
-0.0335315 618.329
-0.0337571 618.666
-0.0339749 619.004
-0.0341884 619.342
-0.0343984 619.68
-0.0346033 620.017
-0.0348091 620.355
-0.0350131 620.693
-0.0352178 621.03
-0.0354216 621.368
-0.0356226 621.706
-0.0358222 622.043
-0.0360201 622.381
-0.0362162 622.719
-0.036407 623.057
-0.0365979 623.394
-0.036787 623.732
-0.0369744 624.07
-0.0371614 624.407
-0.037342 624.745
-0.0375202 625.083
-0.0376956 625.42
-0.0378699 625.758
-0.0380406 626.096
-0.0382084 626.434
-0.0383749 626.771
-0.038538 627.109
-0.0386998 627.447
-0.0388557 627.784
-0.0390098 628.122
-0.0391599 628.46
-0.0392986 628.797
-0.0394206 629.135
-0.0395221 629.473
-0.0396084 629.811
-0.0396792 630.148
-0.0397416 630.486
-0.0397974 630.824
-0.0398445 631.161
-0.0398834 631.499
-0.039913 631.837
-0.0399387 632.174
-0.0399585 632.512
-0.0399727 632.85
-0.0399781 633.188
-0.0399767 633.525
-0.0399728 633.863
-0.0399621 634.201
-0.0399482 634.538
-0.0399292 634.876
-0.0399063 635.214
-0.0398791 635.551
-0.039847 635.889
-0.0398117 636.227
-0.0397721 636.565
-0.0397318 636.902
-0.0396868 637.24
-0.0396389 637.578
-0.0395891 637.915
-0.0395376 638.253
-0.0394859 638.591
-0.0394287 638.928
-0.0393643 639.266
-0.0392883 639.604
-0.0392027 639.942
-0.039106 640.279
-0.0390017 640.617
-0.0388981 640.955
-0.038797 641.292
-0.0387033 641.63
-0.038612 641.968
-0.038521 642.305
-0.0384313 642.643
-0.0383467 642.981
-0.0382686 643.319
-0.0381918 643.656
-0.0381163 643.994
-0.0380386 644.332
-0.0379625 644.669
-0.0378882 645.007
-0.0378132 645.345
-0.0377384 645.682
-0.0376598 646.02
-0.0375791 646.358
-0.0374944 646.696
-0.0374082 647.033
-0.037318 647.371
-0.0372219 647.709
-0.037122 648.046
-0.0370162 648.384
-0.0369096 648.722
-0.0367973 649.059
-0.0366777 649.397
-0.036549 649.735
-0.0364083 650.073
-0.0362555 650.41
-0.0360882 650.748
-0.0359144 651.086
-0.0357385 651.423
-0.0355657 651.761
-0.0353933 652.099
-0.0352199 652.436
-0.0350481 652.774
-0.0348699 653.112
-0.0346877 653.45
-0.034501 653.787
-0.0343112 654.125
-0.0341167 654.463
-0.033913 654.8
-0.0336992 655.138
-0.0334736 655.476
-0.0332428 655.813
-0.0330042 656.151
-0.0327585 656.489
-0.0325032 656.827
-0.0322355 657.164
-0.0319623 657.502
-0.0316828 657.84
-0.0313981 658.177
-0.0311056 658.515
-0.0308084 658.853
-0.0305089 659.19
-0.030207 659.528
-0.0299043 659.866
-0.0295944 660.204
-0.0292799 660.541
-0.0289585 660.879
-0.0286317 661.217
-0.0283056 661.554
-0.0279845 661.892
-0.0276738 662.23
-0.0273717 662.567
-0.0270794 662.905
-0.0267909 663.243
-0.0265046 663.581
-0.0262199 663.918
-0.0259352 664.256
-0.0256539 664.594
-0.0253724 664.931
-0.0250902 665.269
-0.0248038 665.607
-0.0245157 665.944
-0.0242275 666.282
-0.0239379 666.62
-0.0236511 666.958
-0.0233646 667.295
-0.0230807 667.633
-0.0227969 667.971
-0.0225132 668.308
-0.0222325 668.646
-0.021958 668.984
-0.0216909 669.321
-0.0214241 669.659
-0.0211616 669.997
-0.020903 670.335
-0.0206479 670.672
-0.0203942 671.01
-0.0201366 671.348
-0.0198769 671.685
-0.0196181 672.023
-0.0193678 672.361
-0.0191246 672.698
-0.0188902 673.036
-0.018662 673.374
-0.0184322 673.712
-0.018201 674.049
-0.0179633 674.387
-0.0177207 674.725
-0.0174717 675.062
-0.0172174 675.4
-0.0169562 675.738
