0 -0
-0.000108913 -0.1
-0.000217829 -0.2
-0.000326748 -0.3
-0.000435669 -0.4
-0.000544594 -0.5
-0.000653521 -0.6
-0.000762452 -0.7
-0.000871385 -0.8
-0.000980321 -0.9
-0.00108926 -1
-0.0011982 -1.1
-0.00130715 -1.2
-0.00141609 -1.3
-0.00152504 -1.4
-0.001634 -1.5
-0.00174295 -1.6
-0.00185191 -1.7
-0.00196087 -1.8
-0.00206984 -1.9
-0.0021788 -2
-0.00228777 -2.1
-0.00239675 -2.2
-0.00250572 -2.3
-0.0026147 -2.4
-0.00272368 -2.5
-0.00283267 -2.6
-0.00294166 -2.7
-0.00305065 -2.8
-0.00315964 -2.9
-0.00326863 -3
-0.00337763 -3.1
-0.00348664 -3.2
-0.00359564 -3.3
-0.00370465 -3.4
-0.00381366 -3.5
-0.00392267 -3.6
-0.00403169 -3.7
-0.0041407 -3.8
-0.00424973 -3.9
-0.00435875 -4
-0.00446778 -4.1
-0.00457681 -4.2
-0.00468584 -4.3
-0.00479488 -4.4
-0.00490392 -4.5
-0.00501296 -4.6
-0.005122 -4.7
-0.00523105 -4.8
-0.0053401 -4.9
-0.00544915 -5
-0.00555821 -5.1
-0.00566727 -5.2
-0.00577633 -5.3
-0.00588539 -5.4
-0.00599446 -5.5
-0.00610353 -5.6
-0.0062126 -5.7
-0.00632168 -5.8
-0.00643076 -5.9
-0.00653984 -6
-0.00664892 -6.1
-0.00675801 -6.2
-0.0068671 -6.3
-0.00697619 -6.4
-0.00708529 -6.5
-0.00719439 -6.6
-0.00730349 -6.7
-0.0074126 -6.8
-0.0075217 -6.9
-0.00763081 -7
-0.00773993 -7.1
-0.00784904 -7.2
-0.00795816 -7.3
-0.00806728 -7.4
-0.00817641 -7.5
-0.00828553 -7.6
-0.00839466 -7.7
-0.0085038 -7.8
-0.00861293 -7.9
-0.00872207 -8
-0.00883121 -8.1
-0.00894036 -8.2
-0.0090495 -8.3
-0.00915865 -8.4
-0.00926781 -8.5
-0.00937696 -8.6
-0.00948612 -8.7
-0.00959528 -8.8
-0.00970445 -8.9
-0.00981362 -9
-0.00992279 -9.1
-0.010032 -9.2
-0.0101411 -9.3
-0.0102503 -9.4
-0.0103595 -9.5
-0.0104687 -9.6
-0.0105779 -9.7
-0.0106871 -9.8
-0.0107962 -9.9
-0.0109054 -10
-0.0110146 -10.1
-0.0111238 -10.2
-0.011233 -10.3
-0.0113423 -10.4
-0.0114515 -10.5
-0.0115607 -10.6
-0.0116699 -10.7
-0.0117791 -10.8
-0.0118883 -10.9
-0.0119976 -11
-0.0121068 -11.1
-0.012216 -11.2
-0.0123253 -11.3
-0.0124345 -11.4
-0.0125437 -11.5
-0.012653 -11.6
-0.0127622 -11.7
-0.0128715 -11.8
-0.0129807 -11.9
-0.01309 -12
-0.0131992 -12.1
-0.0133085 -12.2
-0.0134177 -12.3
-0.013527 -12.4
-0.0136363 -12.5
-0.0137455 -12.6
-0.0138548 -12.7
-0.0139641 -12.8
-0.0140734 -12.9
-0.0141826 -13
-0.0142919 -13.1
-0.0144012 -13.2
-0.0145105 -13.3
-0.0146198 -13.4
-0.0147291 -13.5
-0.0148384 -13.6
-0.0149477 -13.7
-0.015057 -13.8
-0.0151663 -13.9
-0.0152756 -14
-0.0153849 -14.1
-0.0154942 -14.2
-0.0156036 -14.3
-0.0157129 -14.4
-0.0158222 -14.5
-0.0159315 -14.6
-0.0160409 -14.7
-0.0161502 -14.8
-0.0162595 -14.9
-0.0163689 -15
-0.0164782 -15.1
-0.0165876 -15.2
-0.0166969 -15.3
-0.0168063 -15.4
-0.0169156 -15.5
-0.017025 -15.6
-0.0171343 -15.7
-0.0172437 -15.8
-0.0173531 -15.9
-0.0174624 -16
-0.0175718 -16.1
-0.0176812 -16.2
-0.0177905 -16.3
-0.0178999 -16.4
-0.0180093 -16.5
-0.0181187 -16.6
-0.0182281 -16.7
-0.0183375 -16.8
-0.0184469 -16.9
-0.0185562 -17
-0.0186656 -17.1
-0.018775 -17.2
-0.0188845 -17.3
-0.0189939 -17.4
-0.0191033 -17.5
-0.0192127 -17.6
-0.0193221 -17.7
-0.0194315 -17.8
-0.0195409 -17.9
-0.0196504 -18
-0.0197598 -18.1
-0.0198692 -18.2
-0.0199787 -18.3
-0.0200881 -18.4
-0.0201975 -18.5
-0.020307 -18.6
-0.0204164 -18.7
-0.0205259 -18.8
-0.0206353 -18.9
-0.0207448 -19
-0.0208542 -19.1
-0.0209637 -19.2
-0.0210731 -19.3
-0.0211826 -19.4
-0.0212921 -19.5
-0.0214015 -19.6
-0.021511 -19.7
-0.0216205 -19.8
-0.02173 -19.9
-0.0218394 -20
-0.0219489 -20.1
-0.0220584 -20.2
-0.0221679 -20.3
-0.0222774 -20.4
-0.0223869 -20.5
-0.0224964 -20.6
-0.0226059 -20.7
-0.0227154 -20.8
-0.0228249 -20.9
-0.0229344 -21
-0.0230439 -21.1
-0.0231534 -21.2
-0.023263 -21.3
-0.0233725 -21.4
-0.023482 -21.5
-0.0235915 -21.6
-0.0237011 -21.7
-0.0238106 -21.8
-0.0239201 -21.9
-0.0240297 -22
-0.0241392 -22.1
-0.0242488 -22.2
-0.0243583 -22.3
-0.0244679 -22.4
-0.0245774 -22.5
-0.024687 -22.6
-0.0247965 -22.7
-0.0249061 -22.8
-0.0250156 -22.9
-0.0251252 -23
-0.0252348 -23.1
-0.0253444 -23.2
-0.0254539 -23.3
-0.0255635 -23.4
-0.0256731 -23.5
-0.0257827 -23.6
-0.0258923 -23.7
-0.0260018 -23.8
-0.0261114 -23.9
-0.026221 -24
-0.0263306 -24.1
-0.0264402 -24.2
-0.0265498 -24.3
-0.0266594 -24.4
-0.0267691 -24.5
-0.0268787 -24.6
-0.0269883 -24.7
-0.0270979 -24.8
-0.0272075 -24.9
-0.0273171 -25
-0.0274268 -25.1
-0.0275364 -25.2
-0.027646 -25.3
-0.0277557 -25.4
-0.0278653 -25.5
-0.027975 -25.6
-0.0280846 -25.7
-0.0281942 -25.8
-0.0283039 -25.9
-0.0284135 -26
-0.0285232 -26.1
-0.0286329 -26.2
-0.0287425 -26.3
-0.0288522 -26.4
-0.0289619 -26.5
-0.0290715 -26.6
-0.0291812 -26.7
-0.0292909 -26.8
-0.0294005 -26.9
-0.0295102 -27
-0.0296199 -27.1
-0.0297296 -27.2
-0.0298393 -27.3
-0.029949 -27.4
-0.0300587 -27.5
-0.0301684 -27.6
-0.0302781 -27.7
-0.0303878 -27.8
-0.0304975 -27.9
-0.0306072 -28
-0.0307169 -28.1
-0.0308266 -28.2
-0.0309363 -28.3
-0.0310461 -28.4
-0.0311558 -28.5
-0.0312655 -28.6
-0.0313752 -28.7
-0.031485 -28.8
-0.0315947 -28.9
-0.0317045 -29
-0.0318142 -29.1
-0.0319239 -29.2
-0.0320337 -29.3
-0.0321434 -29.4
-0.0322532 -29.5
-0.0323629 -29.6
-0.0324727 -29.7
-0.0325825 -29.8
-0.0326922 -29.9
-0.032802 -30
-0.0329118 -30.1
-0.0330215 -30.2
-0.0331313 -30.3
-0.0332411 -30.4
-0.0333509 -30.5
-0.0334607 -30.6
-0.0335704 -30.7
-0.0336802 -30.8
-0.03379 -30.9
-0.0338998 -31
-0.0340096 -31.1
-0.0341194 -31.2
-0.0342292 -31.3
-0.034339 -31.4
-0.0344488 -31.5
-0.0345586 -31.6
-0.0346685 -31.7
-0.0347783 -31.8
-0.0348881 -31.9
-0.0349979 -32
-0.0351078 -32.1
-0.0352176 -32.2
-0.0353274 -32.3
-0.0354372 -32.4
-0.0355471 -32.5
-0.0356569 -32.6
-0.0357668 -32.7
-0.0358766 -32.8
-0.0359865 -32.9
-0.0360963 -33
-0.0362062 -33.1
-0.036316 -33.2
-0.0364259 -33.3
-0.0365358 -33.4
-0.0366456 -33.5
-0.0367555 -33.6
-0.0368654 -33.7
-0.0369752 -33.8
-0.0370851 -33.9
-0.037195 -34
-0.0373049 -34.1
-0.0374148 -34.2
-0.0375247 -34.3
-0.0376346 -34.4
-0.0377444 -34.5
-0.0378543 -34.6
-0.0379642 -34.7
-0.0380742 -34.8
-0.0381841 -34.9
-0.038294 -35
-0.0384039 -35.1
-0.0385138 -35.2
-0.0386237 -35.3
-0.0387336 -35.4
-0.0388436 -35.5
-0.0389535 -35.6
-0.0390634 -35.7
-0.0391733 -35.8
-0.0392833 -35.9
-0.0393932 -36
-0.0395032 -36.1
-0.0396131 -36.2
-0.039723 -36.3
-0.039833 -36.4
-0.0399429 -36.5
-0.0400529 -36.6
-0.0401629 -36.7
-0.0402728 -36.8
-0.0403828 -36.9
-0.0404928 -37
-0.0406027 -37.1
-0.0407127 -37.2
-0.0408227 -37.3
-0.0409326 -37.4
-0.0410426 -37.5
-0.0411526 -37.6
-0.0412626 -37.7
-0.0413726 -37.8
-0.0414826 -37.9
-0.0415926 -38
-0.0417026 -38.1
-0.0418126 -38.2
-0.0419226 -38.3
-0.0420326 -38.4
-0.0421426 -38.5
-0.0422526 -38.6
-0.0423626 -38.7
-0.0424726 -38.8
-0.0425827 -38.9
-0.0426927 -39
-0.0428027 -39.1
-0.0429127 -39.2
-0.0430228 -39.3
-0.0431328 -39.4
-0.0432428 -39.5
-0.0433529 -39.6
-0.0434629 -39.7
-0.043573 -39.8
-0.043683 -39.9
-0.0437931 -40
-0.0439031 -40.1
-0.0440132 -40.2
-0.0441232 -40.3
-0.0442333 -40.4
-0.0443434 -40.5
-0.0444534 -40.6
-0.0445635 -40.7
-0.0446736 -40.8
-0.0447837 -40.9
-0.0448938 -41
-0.0450038 -41.1
-0.0451139 -41.2
-0.045224 -41.3
-0.0453341 -41.4
-0.0454442 -41.5
-0.0455543 -41.6
-0.0456644 -41.7
-0.0457745 -41.8
-0.0458846 -41.9
-0.0459947 -42
-0.0461048 -42.1
-0.0462149 -42.2
-0.0463251 -42.3
-0.0464352 -42.4
-0.0465453 -42.5
-0.0466554 -42.6
-0.0467656 -42.7
-0.0468757 -42.8
-0.0469858 -42.9
-0.047096 -43
-0.0472061 -43.1
-0.0473162 -43.2
-0.0474264 -43.3
-0.0475365 -43.4
-0.0476467 -43.5
-0.0477568 -43.6
-0.047867 -43.7
-0.0479772 -43.8
-0.0480873 -43.9
-0.0481975 -44
-0.0483077 -44.1
-0.0484178 -44.2
-0.048528 -44.3
-0.0486382 -44.4
-0.0487484 -44.5
-0.0488586 -44.6
-0.0489687 -44.7
-0.0490789 -44.8
-0.0491891 -44.9
-0.0492993 -45
-0.0494095 -45.1
-0.0495197 -45.2
-0.0496299 -45.3
-0.0497401 -45.4
-0.0498503 -45.5
-0.0499605 -45.6
-0.0500708 -45.7
-0.050181 -45.8
-0.0502912 -45.9
-0.0504014 -46
-0.0505116 -46.1
-0.0506219 -46.2
-0.0507321 -46.3
-0.0508423 -46.4
-0.0509526 -46.5
-0.0510628 -46.6
-0.0511731 -46.7
-0.0512833 -46.8
-0.0513936 -46.9
-0.0515038 -47
-0.0516141 -47.1
-0.0517243 -47.2
-0.0518346 -47.3
-0.0519448 -47.4
-0.0520551 -47.5
-0.0521654 -47.6
-0.0522756 -47.7
-0.0523859 -47.8
-0.0524962 -47.9
-0.0526065 -48
-0.0527168 -48.1
-0.0528271 -48.2
-0.0529373 -48.3
-0.0530476 -48.4
-0.0531579 -48.5
-0.0532682 -48.6
-0.0533785 -48.7
-0.0534888 -48.8
-0.0535991 -48.9
-0.0537094 -49
-0.0538198 -49.1
-0.0539301 -49.2
-0.0540404 -49.3
-0.0541507 -49.4
-0.054261 -49.5
-0.0543714 -49.6
-0.0544817 -49.7
-0.054592 -49.8
-0.0547023 -49.9
-0.0548127 -50
-0.054923 -50.1
-0.0550334 -50.2
-0.0551437 -50.3
-0.0552541 -50.4
-0.0553644 -50.5
-0.0554748 -50.6
-0.0555851 -50.7
-0.0556955 -50.8
-0.0558059 -50.9
-0.0559162 -51
-0.0560266 -51.1
-0.056137 -51.2
-0.0562473 -51.3
-0.0563577 -51.4
-0.0564681 -51.5
-0.0565785 -51.6
-0.0566889 -51.7
-0.0567992 -51.8
-0.0569096 -51.9
-0.05702 -52
-0.0571304 -52.1
-0.0572408 -52.2
-0.0573512 -52.3
-0.0574616 -52.4
-0.057572 -52.5
-0.0576825 -52.6
-0.0577929 -52.7
-0.0579033 -52.8
-0.0580137 -52.9
-0.0581241 -53
-0.0582346 -53.1
-0.058345 -53.2
-0.0584554 -53.3
-0.0585659 -53.4
-0.0586763 -53.5
-0.0587867 -53.6
-0.0588972 -53.7
-0.0590076 -53.8
-0.0591181 -53.9
-0.0592285 -54
-0.059339 -54.1
-0.0594494 -54.2
-0.0595599 -54.3
-0.0596704 -54.4
-0.0597808 -54.5
-0.0598913 -54.6
-0.0600018 -54.7
-0.0601122 -54.8
-0.0602227 -54.9
-0.0603332 -55
-0.0604437 -55.1
-0.0605542 -55.2
-0.0606646 -55.3
-0.0607751 -55.4
-0.0608856 -55.5
-0.0609961 -55.6
-0.0611066 -55.7
-0.0612171 -55.8
-0.0613276 -55.9
-0.0614381 -56
-0.0615487 -56.1
-0.0616592 -56.2
-0.0617697 -56.3
-0.0618802 -56.4
-0.0619907 -56.5
-0.0621013 -56.6
-0.0622118 -56.7
-0.0623223 -56.8
-0.0624328 -56.9
-0.0625434 -57
-0.0626539 -57.1
-0.0627645 -57.2
-0.062875 -57.3
-0.0629856 -57.4
-0.0630961 -57.5
-0.0632067 -57.6
-0.0633172 -57.7
-0.0634278 -57.8
-0.0635383 -57.9
-0.0636489 -58
-0.0637595 -58.1
-0.06387 -58.2
-0.0639806 -58.3
-0.0640912 -58.4
-0.0642018 -58.5
-0.0643124 -58.6
-0.0644229 -58.7
-0.0645335 -58.8
-0.0646441 -58.9
-0.0647547 -59
-0.0648653 -59.1
-0.0649759 -59.2
-0.0650865 -59.3
-0.0651971 -59.4
-0.0653077 -59.5
-0.0654183 -59.6
-0.065529 -59.7
-0.0656396 -59.8
-0.0657502 -59.9
-0.0658608 -60
-0.0659714 -60.1
-0.0660821 -60.2
-0.0661927 -60.3
-0.0663033 -60.4
-0.066414 -60.5
-0.0665246 -60.6
-0.0666353 -60.7
-0.0667459 -60.8
-0.0668565 -60.9
-0.0669672 -61
-0.0670778 -61.1
-0.0671885 -61.2
-0.0672992 -61.3
-0.0674098 -61.4
-0.0675205 -61.5
-0.0676312 -61.6
-0.0677418 -61.7
-0.0678525 -61.8
-0.0679632 -61.9
-0.0680739 -62
-0.0681845 -62.1
-0.0682952 -62.2
-0.0684059 -62.3
-0.0685166 -62.4
-0.0686273 -62.5
-0.068738 -62.6
-0.0688487 -62.7
-0.0689594 -62.8
-0.0690701 -62.9
-0.0691808 -63
-0.0692915 -63.1
-0.0694022 -63.2
-0.069513 -63.3
-0.0696237 -63.4
-0.0697344 -63.5
-0.0698451 -63.6
-0.0699558 -63.7
-0.0700666 -63.8
-0.0701773 -63.9
-0.070288 -64
-0.0703988 -64.1
-0.0705095 -64.2
-0.0706203 -64.3
-0.070731 -64.4
-0.0708418 -64.5
-0.0709525 -64.6
-0.0710633 -64.7
-0.071174 -64.8
-0.0712848 -64.9
-0.0713956 -65
-0.0715063 -65.1
-0.0716171 -65.2
-0.0717279 -65.3
-0.0718387 -65.4
-0.0719494 -65.5
-0.0720602 -65.6
-0.072171 -65.7
-0.0722818 -65.8
-0.0723926 -65.9
-0.0725034 -66
-0.0726142 -66.1
-0.072725 -66.2
-0.0728358 -66.3
-0.0729466 -66.4
-0.0730574 -66.5
-0.0731699 -66.6
-0.0733922 -66.7
-0.073681 -66.8
-0.07399 -66.9
-0.074299 -67
-0.0746081 -67.1
-0.0749173 -67.2
-0.0752266 -67.3
-0.0755359 -67.4
-0.0758452 -67.5
-0.0761546 -67.6
-0.0764641 -67.7
-0.0767737 -67.8
-0.0770833 -67.9
-0.0773929 -68
-0.0777027 -68.1
-0.0780124 -68.2
-0.0783223 -68.3
-0.0786322 -68.4
-0.0789422 -68.5
-0.0792522 -68.6
-0.0795623 -68.7
-0.0798724 -68.8
-0.0801826 -68.9
-0.0804929 -69
-0.0808032 -69.1
-0.0811136 -69.2
-0.0814241 -69.3
-0.0817346 -69.4
-0.0820452 -69.5
-0.0823558 -69.6
-0.0826665 -69.7
-0.0829773 -69.8
-0.0832881 -69.9
-0.083599 -70
-0.0839099 -70.1
-0.0842209 -70.2
-0.084532 -70.3
-0.0848431 -70.4
-0.0851543 -70.5
-0.0854656 -70.6
-0.0857769 -70.7
-0.0860883 -70.8
-0.0863997 -70.9
-0.0867112 -71
-0.0870228 -71.1
-0.0873344 -71.2
-0.0876461 -71.3
-0.0879578 -71.4
-0.0882696 -71.5
-0.0885815 -71.6
-0.0888934 -71.7
-0.0892054 -71.8
-0.0895175 -71.9
-0.0898296 -72
-0.0901417 -72.1
-0.090454 -72.2
-0.0907663 -72.3
-0.0910786 -72.4
-0.0913911 -72.5
-0.0917036 -72.6
-0.0920161 -72.7
-0.0923287 -72.8
-0.0926414 -72.9
-0.0929541 -73
-0.0932669 -73.1
-0.0935798 -73.2
-0.0938927 -73.3
-0.0942057 -73.4
-0.0945187 -73.5
-0.0948318 -73.6
-0.095145 -73.7
-0.0954582 -73.8
-0.0957715 -73.9
-0.0960848 -74
-0.0963983 -74.1
-0.0967117 -74.2
-0.0970253 -74.3
-0.0973389 -74.4
-0.0976525 -74.5
-0.0979663 -74.6
-0.0982801 -74.7
-0.0985939 -74.8
-0.0989078 -74.9
-0.0992218 -75
-0.0995358 -75.1
-0.09985 -75.2
-0.100164 -75.3
-0.100478 -75.4
-0.100793 -75.5
-0.101107 -75.6
-0.101421 -75.7
-0.101736 -75.8
-0.10205 -75.9
-0.102365 -76
-0.10268 -76.1
-0.102994 -76.2
-0.103309 -76.3
-0.103624 -76.4
-0.103939 -76.5
-0.104254 -76.6
-0.104569 -76.7
-0.104884 -76.8
-0.105199 -76.9
-0.105514 -77
-0.10583 -77.1
-0.106145 -77.2
-0.106461 -77.3
-0.106776 -77.4
-0.107092 -77.5
-0.107407 -77.6
-0.107723 -77.7
-0.108039 -77.8
-0.108354 -77.9
-0.10867 -78
-0.108986 -78.1
-0.109302 -78.2
-0.109618 -78.3
-0.109934 -78.4
-0.110251 -78.5
-0.110567 -78.6
-0.110883 -78.7
-0.111303 -78.8
-0.111824 -78.9
-0.112345 -79
-0.112866 -79.1
-0.113387 -79.2
-0.113908 -79.3
-0.114429 -79.4
-0.11495 -79.5
-0.115472 -79.6
-0.115994 -79.7
-0.116516 -79.8
-0.117038 -79.9
-0.11756 -80
-0.118083 -80.1
-0.118605 -80.2
-0.119128 -80.3
-0.119651 -80.4
-0.120174 -80.5
-0.120697 -80.6
-0.12122 -80.7
-0.121744 -80.8
-0.122267 -80.9
-0.122791 -81
-0.123315 -81.1
-0.123839 -81.2
-0.124363 -81.3
-0.124921 -81.4
-0.125679 -81.5
-0.126438 -81.6
-0.127197 -81.7
-0.127956 -81.8
-0.128716 -81.9
-0.129476 -82
-0.130236 -82.1
-0.130996 -82.2
-0.131756 -82.3
-0.132517 -82.4
-0.133278 -82.5
-0.13404 -82.6
-0.134801 -82.7
-0.135563 -82.8
-0.136325 -82.9
-0.137087 -83
-0.13785 -83.1
-0.138613 -83.2
-0.139376 -83.3
-0.140139 -83.4
-0.140903 -83.5
-0.141667 -83.6
-0.142431 -83.7
-0.143196 -83.8
-0.14396 -83.9
-0.144725 -84
-0.14549 -84.1
-0.146256 -84.2
-0.147022 -84.3
-0.147787 -84.4
-0.148554 -84.5
-0.14932 -84.6
-0.150087 -84.7
-0.150868 -84.8
-0.151692 -84.9
-0.152516 -85
-0.15334 -85.1
-0.154165 -85.2
-0.154989 -85.3
-0.155815 -85.4
-0.15664 -85.5
-0.157466 -85.6
-0.158292 -85.7
-0.159118 -85.8
-0.159944 -85.9
-0.160771 -86
-0.161598 -86.1
-0.162426 -86.2
-0.163253 -86.3
-0.164081 -86.4
-0.164909 -86.5
-0.165738 -86.6
-0.166566 -86.7
-0.167395 -86.8
-0.168225 -86.9
-0.169054 -87
-0.169884 -87.1
-0.170714 -87.2
-0.171545 -87.3
-0.172375 -87.4
-0.173206 -87.5
-0.174038 -87.6
-0.174869 -87.7
-0.175701 -87.8
-0.176533 -87.9
-0.177365 -88
-0.178198 -88.1
-0.179031 -88.2
-0.179864 -88.3
-0.180698 -88.4
-0.181531 -88.5
-0.182365 -88.6
-0.1832 -88.7
-0.184034 -88.8
-0.184869 -88.9
-0.185704 -89
-0.18654 -89.1
-0.187375 -89.2
-0.188211 -89.3
-0.189047 -89.4
-0.189884 -89.5
-0.190721 -89.6
-0.191558 -89.7
-0.192395 -89.8
-0.193233 -89.9
-0.194071 -90
-0.194909 -90.1
-0.195747 -90.2
-0.196586 -90.3
-0.197425 -90.4
-0.198265 -90.5
-0.199104 -90.6
-0.199944 -90.7
-0.200784 -90.8
-0.201625 -90.9
-0.202465 -91
-0.203306 -91.1
-0.204148 -91.2
-0.204989 -91.3
-0.205831 -91.4
-0.206673 -91.5
-0.207515 -91.6
-0.208358 -91.7
-0.209201 -91.8
-0.210044 -91.9
-0.210888 -92
-0.211731 -92.1
-0.212575 -92.2
-0.21342 -92.3
-0.214264 -92.4
-0.215109 -92.5
-0.215954 -92.6
-0.2168 -92.7
-0.217646 -92.8
-0.218492 -92.9
-0.219338 -93
-0.220184 -93.1
-0.221031 -93.2
-0.221878 -93.3
-0.222726 -93.4
-0.223573 -93.5
-0.224421 -93.6
-0.22527 -93.7
-0.226118 -93.8
-0.226967 -93.9
-0.227816 -94
-0.228665 -94.1
-0.229626 -94.2
-0.230739 -94.3
-0.231941 -94.4
-0.233145 -94.5
-0.234348 -94.6
-0.235552 -94.7
-0.236757 -94.8
-0.237963 -94.9
-0.239169 -95
-0.240375 -95.1
-0.241583 -95.2
-0.242791 -95.3
-0.243999 -95.4
-0.245208 -95.5
-0.246418 -95.6
-0.247628 -95.7
-0.248839 -95.8
-0.25005 -95.9
-0.251262 -96
-0.252474 -96.1
-0.253688 -96.2
-0.254901 -96.3
-0.256116 -96.4
-0.257331 -96.5
-0.258546 -96.6
-0.259762 -96.7
-0.260979 -96.8
-0.262196 -96.9
-0.263414 -97
-0.264632 -97.1
-0.265851 -97.2
-0.267071 -97.3
-0.268291 -97.4
-0.269512 -97.5
-0.270733 -97.6
-0.271955 -97.7
-0.273178 -97.8
-0.274401 -97.9
-0.275624 -98
-0.276849 -98.1
-0.278073 -98.2
-0.279299 -98.3
-0.280525 -98.4
-0.281751 -98.5
-0.282978 -98.6
-0.284206 -98.7
-0.285434 -98.8
-0.286663 -98.9
-0.287893 -99
-0.289123 -99.1
-0.290353 -99.2
-0.291585 -99.3
-0.292816 -99.4
-0.294049 -99.5
-0.295281 -99.6
-0.296515 -99.7
-0.297749 -99.8
-0.298984 -99.9
-0.300219 -100
-0.301454 -100.1
-0.302691 -100.2
-0.303928 -100.3
-0.305165 -100.4
-0.306403 -100.5
-0.307642 -100.6
-0.308881 -100.7
-0.310121 -100.8
-0.311361 -100.9
-0.312602 -101
-0.313843 -101.1
-0.315085 -101.2
-0.316328 -101.3
-0.317571 -101.4
-0.318814 -101.5
-0.320059 -101.6
-0.321304 -101.7
-0.322549 -101.8
-0.323795 -101.9
-0.325041 -102
-0.326288 -102.1
-0.327536 -102.2
-0.328784 -102.3
-0.330033 -102.4
-0.331282 -102.5
-0.332532 -102.6
-0.333782 -102.7
-0.335033 -102.8
-0.336285 -102.9
-0.337537 -103
-0.338789 -103.1
-0.340042 -103.2
-0.341296 -103.3
-0.34255 -103.4
-0.343805 -103.5
-0.34506 -103.6
-0.346316 -103.7
-0.347573 -103.8
-0.34883 -103.9
-0.350087 -104
-0.351345 -104.1
-0.352604 -104.2
-0.353863 -104.3
-0.355123 -104.4
-0.356383 -104.5
-0.357644 -104.6
-0.358905 -104.7
-0.360167 -104.8
-0.361429 -104.9
-0.362692 -105
-0.363956 -105.1
-0.36522 -105.2
-0.366485 -105.3
-0.36775 -105.4
-0.369015 -105.5
-0.370281 -105.6
-0.371548 -105.7
-0.372817 -105.8
-0.37411 -105.9
-0.375404 -106
-0.376698 -106.1
-0.377992 -106.2
-0.379287 -106.3
-0.380582 -106.4
-0.381877 -106.5
-0.383172 -106.6
-0.384468 -106.7
-0.385764 -106.8
-0.387061 -106.9
-0.388357 -107
-0.389654 -107.1
-0.390951 -107.2
-0.392249 -107.3
-0.393547 -107.4
-0.394845 -107.5
-0.396143 -107.6
-0.397442 -107.7
-0.398741 -107.8
-0.40004 -107.9
-0.40134 -108
-0.40264 -108.1
-0.40394 -108.2
-0.40524 -108.3
-0.406541 -108.4
-0.407842 -108.5
-0.409144 -108.6
-0.410445 -108.7
-0.411747 -108.8
-0.413049 -108.9
-0.414352 -109
-0.415654 -109.1
-0.416957 -109.2
-0.418261 -109.3
-0.419564 -109.4
-0.420868 -109.5
-0.422172 -109.6
-0.423477 -109.7
-0.424782 -109.8
-0.426087 -109.9
-0.427392 -110
-0.428698 -110.1
-0.430003 -110.2
-0.43131 -110.3
-0.432616 -110.4
-0.433923 -110.5
-0.43523 -110.6
-0.436537 -110.7
-0.437845 -110.8
-0.439152 -110.9
-0.440461 -111
-0.441769 -111.1
-0.443078 -111.2
-0.444387 -111.3
-0.445696 -111.4
-0.447005 -111.5
-0.448315 -111.6
-0.449625 -111.7
-0.450935 -111.8
-0.452246 -111.9
-0.453557 -112
-0.454868 -112.1
-0.456179 -112.2
-0.457491 -112.3
-0.458803 -112.4
-0.460115 -112.5
-0.461428 -112.6
-0.46274 -112.7
-0.464054 -112.8
-0.465367 -112.9
-0.46668 -113
-0.467994 -113.1
-0.469308 -113.2
-0.470623 -113.3
-0.471937 -113.4
-0.473252 -113.5
-0.474568 -113.6
-0.475883 -113.7
-0.477199 -113.8
-0.478515 -113.9
-0.479831 -114
-0.481147 -114.1
-0.482464 -114.2
-0.483781 -114.3
-0.485099 -114.4
-0.486416 -114.5
-0.487734 -114.6
-0.489052 -114.7
-0.49037 -114.8
-0.491689 -114.9
-0.493008 -115
-0.494327 -115.1
-0.495646 -115.2
-0.496966 -115.3
-0.498286 -115.4
-0.499606 -115.5
-0.500927 -115.6
-0.502247 -115.7
-0.503568 -115.8
-0.504889 -115.9
-0.506211 -116
-0.507533 -116.1
-0.508855 -116.2
-0.510177 -116.3
-0.511499 -116.4
-0.512822 -116.5
-0.514145 -116.6
-0.515468 -116.7
-0.516792 -116.8
-0.518116 -116.9
-0.51944 -117
-0.520764 -117.1
-0.522088 -117.2
-0.523413 -117.3
-0.524738 -117.4
-0.526063 -117.5
-0.527389 -117.6
-0.528715 -117.7
-0.530041 -117.8
-0.531367 -117.9
-0.532693 -118
-0.53402 -118.1
-0.535347 -118.2
-0.536674 -118.3
-0.538002 -118.4
-0.539329 -118.5
-0.540657 -118.6
-0.541986 -118.7
-0.543314 -118.8
-0.544643 -118.9
-0.545972 -119
-0.547301 -119.1
-0.54863 -119.2
-0.54996 -119.3
-0.55129 -119.4
-0.55262 -119.5
-0.55395 -119.6
-0.555281 -119.7
-0.556612 -119.8
-0.557943 -119.9
-0.559274 -120
-0.560606 -120.1
-0.561938 -120.2
-0.56327 -120.3
-0.564602 -120.4
-0.565935 -120.5
-0.567267 -120.6
-0.5686 -120.7
-0.569934 -120.8
-0.571267 -120.9
-0.572601 -121
-0.573935 -121.1
-0.575269 -121.2
-0.576603 -121.3
-0.577938 -121.4
-0.579273 -121.5
-0.580608 -121.6
-0.581943 -121.7
-0.583279 -121.8
-0.584615 -121.9
-0.585951 -122
-0.587287 -122.1
-0.588623 -122.2
-0.589978 -122.3
-0.591341 -122.4
-0.592704 -122.5
-0.594067 -122.6
-0.595431 -122.7
-0.596795 -122.8
-0.598159 -122.9
-0.599524 -123
-0.600889 -123.1
-0.602254 -123.2
-0.603619 -123.3
-0.604984 -123.4
-0.60635 -123.5
-0.607716 -123.6
-0.609082 -123.7
-0.610449 -123.8
-0.611816 -123.9
-0.613183 -124
-0.61455 -124.1
-0.615917 -124.2
-0.617285 -124.3
-0.618653 -124.4
-0.620022 -124.5
-0.62139 -124.6
-0.622759 -124.7
-0.624128 -124.8
-0.625497 -124.9
-0.626867 -125
-0.628236 -125.1
-0.629607 -125.2
-0.630977 -125.3
-0.632347 -125.4
-0.633718 -125.5
-0.635089 -125.6
-0.63646 -125.7
-0.637832 -125.8
-0.639203 -125.9
-0.640575 -126
-0.641948 -126.1
-0.64332 -126.2
-0.644693 -126.3
-0.646066 -126.4
-0.647439 -126.5
-0.648812 -126.6
-0.650186 -126.7
-0.65156 -126.8
-0.652934 -126.9
-0.654308 -127
-0.655683 -127.1
-0.657058 -127.2
-0.658433 -127.3
-0.659808 -127.4
-0.661184 -127.5
-0.66256 -127.6
-0.663936 -127.7
-0.665312 -127.8
-0.666688 -127.9
-0.668065 -128
-0.669442 -128.1
-0.670819 -128.2
-0.672197 -128.3
-0.673574 -128.4
-0.674952 -128.5
-0.67633 -128.6
-0.677709 -128.7
-0.679087 -128.8
-0.680466 -128.9
-0.681845 -129
-0.683224 -129.1
-0.684604 -129.2
-0.685984 -129.3
-0.687363 -129.4
-0.688744 -129.5
-0.690124 -129.6
-0.691505 -129.7
-0.692885 -129.8
-0.694266 -129.9
-0.695648 -130
-0.697029 -130.1
-0.698411 -130.2
-0.699793 -130.3
-0.701175 -130.4
-0.702557 -130.5
-0.70394 -130.6
-0.705323 -130.7
-0.706706 -130.8
-0.708089 -130.9
-0.709473 -131
-0.710856 -131.1
-0.71224 -131.2
-0.713624 -131.3
-0.715009 -131.4
-0.716393 -131.5
-0.717778 -131.6
-0.719163 -131.7
-0.720548 -131.8
-0.721934 -131.9
-0.723319 -132
-0.724705 -132.1
-0.726091 -132.2
-0.727477 -132.3
-0.728864 -132.4
-0.730251 -132.5
-0.731637 -132.6
-0.733024 -132.7
-0.734412 -132.8
-0.735799 -132.9
-0.737187 -133
-0.738575 -133.1
-0.739963 -133.2
-0.741351 -133.3
-0.74274 -133.4
-0.744129 -133.5
-0.745518 -133.6
-0.746907 -133.7
-0.748296 -133.8
-0.749686 -133.9
-0.751076 -134
-0.752466 -134.1
-0.753856 -134.2
-0.755246 -134.3
-0.756637 -134.4
-0.758027 -134.5
-0.759418 -134.6
-0.76081 -134.7
-0.762201 -134.8
-0.763593 -134.9
-0.764984 -135
-0.766376 -135.1
-0.767768 -135.2
-0.769161 -135.3
-0.770553 -135.4
-0.771946 -135.5
-0.773339 -135.6
-0.774732 -135.7
-0.776125 -135.8
-0.777519 -135.9
-0.778913 -136
-0.780307 -136.1
-0.781701 -136.2
-0.783095 -136.3
-0.784489 -136.4
-0.785884 -136.5
-0.787279 -136.6
-0.788674 -136.7
-0.790069 -136.8
-0.791465 -136.9
-0.79286 -137
-0.794256 -137.1
-0.795652 -137.2
-0.797048 -137.3
-0.798445 -137.4
-0.799841 -137.5
-0.801238 -137.6
-0.802635 -137.7
-0.804032 -137.8
-0.805429 -137.9
-0.806827 -138
-0.808224 -138.1
-0.809622 -138.2
-0.81102 -138.3
-0.812418 -138.4
-0.813839 -138.5
-0.815266 -138.6
-0.816694 -138.7
-0.818123 -138.8
-0.819551 -138.9
-0.820979 -139
-0.822408 -139.1
-0.823837 -139.2
-0.825266 -139.3
-0.826695 -139.4
-0.828124 -139.5
-0.829553 -139.6
-0.830983 -139.7
-0.832413 -139.8
-0.833843 -139.9
-0.835273 -140
-0.836703 -140.1
-0.838133 -140.2
-0.839564 -140.3
-0.840994 -140.4
-0.842425 -140.5
-0.843856 -140.6
-0.845287 -140.7
-0.846719 -140.8
-0.84815 -140.9
-0.849582 -141
-0.851014 -141.1
-0.852445 -141.2
-0.853878 -141.3
-0.85531 -141.4
-0.856742 -141.5
-0.858175 -141.6
-0.859607 -141.7
-0.86104 -141.8
-0.862473 -141.9
-0.863906 -142
-0.865339 -142.1
-0.866773 -142.2
-0.868206 -142.3
-0.86964 -142.4
-0.871074 -142.5
-0.872508 -142.6
-0.873942 -142.7
-0.875376 -142.8
-0.87681 -142.9
-0.878245 -143
-0.87968 -143.1
-0.881115 -143.2
-0.882549 -143.3
-0.883985 -143.4
-0.88542 -143.5
-0.886855 -143.6
-0.888291 -143.7
-0.889726 -143.8
-0.891162 -143.9
-0.892598 -144
-0.894034 -144.1
-0.89547 -144.2
-0.896907 -144.3
-0.898343 -144.4
-0.89978 -144.5
-0.901216 -144.6
-0.902653 -144.7
-0.90409 -144.8
-0.905527 -144.9
-0.906964 -145
-0.908402 -145.1
-0.909839 -145.2
-0.911277 -145.3
-0.912715 -145.4
-0.914152 -145.5
-0.91559 -145.6
-0.917029 -145.7
-0.918467 -145.8
-0.919905 -145.9
-0.921344 -146
-0.922782 -146.1
-0.924221 -146.2
-0.92566 -146.3
-0.927099 -146.4
-0.928538 -146.5
-0.929977 -146.6
-0.931417 -146.7
-0.932856 -146.8
-0.934296 -146.9
-0.935735 -147
-0.937175 -147.1
-0.938615 -147.2
-0.940055 -147.3
-0.941495 -147.4
-0.942936 -147.5
-0.944376 -147.6
-0.945817 -147.7
-0.947257 -147.8
-0.948698 -147.9
-0.950139 -148
-0.95158 -148.1
-0.953021 -148.2
-0.954462 -148.3
-0.955904 -148.4
-0.957345 -148.5
-0.958787 -148.6
-0.960228 -148.7
-0.96167 -148.8
-0.963112 -148.9
-0.964554 -149
-0.965996 -149.1
-0.967438 -149.2
-0.96888 -149.3
-0.970323 -149.4
-0.971765 -149.5
-0.973208 -149.6
-0.974651 -149.7
-0.976093 -149.8
-0.977536 -149.9
-0.978979 -150
