TorreEngastada
Number of Materials, Nodes, Elements, Loaded Nodes, Nodes with Boundary, Steps, Tolarence
1 13 23 1 13 500 0.000000001

Materials
Number, Young
0 10000.0

Nodes
Number, X1, X2, X3
0	0.000000	0.000000	0.000000
1	3.000000	0.000000	0.000000
2	6.000000	0.000000	0.000000
3	9.000000	0.000000	0.000000
4	12.000000	0.000000	0.000000
5	15.000000	0.000000	0.000000
6	16.000000	0.500000	0.000000
7	15.000000	1.000000	0.000000
8	12.000000	1.000000	0.000000
9	9.000000	1.000000	0.000000
10	6.000000	1.000000	0.000000
11	3.000000	1.000000	0.000000
12	0.000000	1.000000	0.000000

Elements
Number, Initial Node, End Node, Type Material, Area
0	0	1	0	0.1
1	1	2	0	0.1
2	2	3	0	0.1
3	3	4	0	0.1
4	4	5	0	0.1
5	5	6	0	0.1
6	0	12	0	0.1
7	0	11	0	0.1
8	1	11	0	0.1
9	1	10	0	0.1
10	2	10	0	0.1
11	2	9	0	0.1
12	3	9	0	0.1
13	3	8	0	0.1
14	4	8	0	0.1
15	4	7	0	0.1
16	5	7	0	0.1
17	7	6	0	0.1
18	11	12	0	0.1
19	11	10	0	0.1
20	10	9	0	0.1
21	8	9	0	0.1
22	7	8	0	0.1

Loaded Nodes
Number, X1, X2, X3
6 0.0 4.0 0.0

Nodes with Boundary Conditions (1 para restrito e 0 para livre)
Number, X1, X2, X3
0	1	1	1
1	0	0	1
2	0	0	1
3	0	0	1
4	0	0	1
5	0	0	1
6	0	0	1
7	0	0	1
8	0	0	1
9	0	0	1
10	0	0	1
11	0	0	1
12	1	1	1

