0 -0
-1.16402e-05 -0.05
-2.32805e-05 -0.1
-3.49209e-05 -0.15
-4.65613e-05 -0.2
-5.82017e-05 -0.25
-6.98422e-05 -0.3
-8.14828e-05 -0.35
-9.31234e-05 -0.4
-0.000104764 -0.45
-0.000116405 -0.5
-0.000128046 -0.55
-0.000139686 -0.6
-0.000151327 -0.65
-0.000162968 -0.7
-0.000174609 -0.75
-0.00018625 -0.8
-0.000197891 -0.85
-0.000209533 -0.9
-0.000221174 -0.95
-0.000232815 -1
-0.000244456 -1.05
-0.000256098 -1.1
-0.000267739 -1.15
-0.000279381 -1.2
-0.000291022 -1.25
-0.000302664 -1.3
-0.000314305 -1.35
-0.000325947 -1.4
-0.000337589 -1.45
-0.000349231 -1.5
-0.000360873 -1.55
-0.000372514 -1.6
-0.000384156 -1.65
-0.000395798 -1.7
-0.000407441 -1.75
-0.000419083 -1.8
-0.000430725 -1.85
-0.000442367 -1.9
-0.000454009 -1.95
-0.000465652 -2
-0.000477294 -2.05
-0.000488937 -2.1
-0.000500579 -2.15
-0.000512222 -2.2
-0.000523864 -2.25
-0.000535507 -2.3
-0.00054715 -2.35
-0.000558793 -2.4
-0.000570435 -2.45
-0.000582078 -2.5
-0.000593721 -2.55
-0.000605364 -2.6
-0.000617007 -2.65
-0.00062865 -2.7
-0.000640294 -2.75
-0.000651937 -2.8
-0.00066358 -2.85
-0.000675223 -2.9
-0.000686867 -2.95
-0.00069851 -3
-0.000710154 -3.05
-0.000721797 -3.1
-0.000733441 -3.15
-0.000745084 -3.2
-0.000756728 -3.25
-0.000768372 -3.3
-0.000780016 -3.35
-0.00079166 -3.4
-0.000803303 -3.45
-0.000814947 -3.5
-0.000826591 -3.55
-0.000838236 -3.6
-0.00084988 -3.65
-0.000861524 -3.7
-0.000873168 -3.75
-0.000884812 -3.8
-0.000896457 -3.85
-0.000908101 -3.9
-0.000919746 -3.95
-0.00093139 -4
-0.000943035 -4.05
-0.000954679 -4.1
-0.000966324 -4.15
-0.000977969 -4.2
-0.000989614 -4.25
-0.00100126 -4.3
-0.0010129 -4.35
-0.00102455 -4.4
-0.00103619 -4.45
-0.00104784 -4.5
-0.00105948 -4.55
-0.00107113 -4.6
-0.00108277 -4.65
-0.00109442 -4.7
-0.00110606 -4.75
-0.00111771 -4.8
-0.00112936 -4.85
-0.001141 -4.9
-0.00115265 -4.95
-0.00116429 -5
-0.00117594 -5.05
-0.00118758 -5.1
-0.00119923 -5.15
-0.00121087 -5.2
-0.00122252 -5.25
-0.00123417 -5.3
-0.00124581 -5.35
-0.00125746 -5.4
-0.0012691 -5.45
-0.00128075 -5.5
-0.0012924 -5.55
-0.00130404 -5.6
-0.00131569 -5.65
-0.00132734 -5.7
-0.00133898 -5.75
-0.00135063 -5.8
-0.00136228 -5.85
-0.00137392 -5.9
-0.00138557 -5.95
-0.00139722 -6
-0.00140886 -6.05
-0.00142051 -6.1
-0.00143216 -6.15
-0.0014438 -6.2
-0.00145545 -6.25
-0.0014671 -6.3
-0.00147874 -6.35
-0.00149039 -6.4
-0.00150204 -6.45
-0.00151368 -6.5
-0.00152533 -6.55
-0.00153698 -6.6
-0.00154863 -6.65
-0.00156027 -6.7
-0.00157192 -6.75
-0.00158357 -6.8
-0.00159522 -6.85
-0.00160686 -6.9
-0.00161851 -6.95
-0.00163016 -7
-0.00164181 -7.05
-0.00165346 -7.1
-0.0016651 -7.15
-0.00167675 -7.2
-0.0016884 -7.25
-0.00170005 -7.3
-0.0017117 -7.35
-0.00172334 -7.4
-0.00173499 -7.45
-0.00174664 -7.5
-0.00175829 -7.55
-0.00176994 -7.6
-0.00178159 -7.65
-0.00179323 -7.7
-0.00180488 -7.75
-0.00181653 -7.8
-0.00182818 -7.85
-0.00183983 -7.9
-0.00185148 -7.95
-0.00186313 -8
-0.00187478 -8.05
-0.00188642 -8.1
-0.00189807 -8.15
-0.00190972 -8.2
-0.00192137 -8.25
-0.00193302 -8.3
-0.00194467 -8.35
-0.00195632 -8.4
-0.00196797 -8.45
-0.00197962 -8.5
-0.00199127 -8.55
-0.00200292 -8.6
-0.00201457 -8.65
-0.00202622 -8.7
-0.00203787 -8.75
-0.00204952 -8.8
-0.00206117 -8.85
-0.00207282 -8.9
-0.00208446 -8.95
-0.00209611 -9
-0.00210776 -9.05
-0.00211941 -9.1
-0.00213106 -9.15
-0.00214272 -9.2
-0.00215437 -9.25
-0.00216602 -9.3
-0.00217767 -9.35
-0.00218932 -9.4
-0.00220097 -9.45
-0.00221262 -9.5
-0.00222427 -9.55
-0.00223592 -9.6
-0.00224757 -9.65
-0.00225922 -9.7
-0.00227087 -9.75
-0.00228252 -9.8
-0.00229417 -9.85
-0.00230582 -9.9
-0.00231747 -9.95
-0.00232912 -10
-0.00234078 -10.05
-0.00235243 -10.1
-0.00236408 -10.15
-0.00237573 -10.2
-0.00238738 -10.25
-0.00239903 -10.3
-0.00241068 -10.35
-0.00242233 -10.4
-0.00243399 -10.45
-0.00244564 -10.5
-0.00245729 -10.55
-0.00246894 -10.6
-0.00248059 -10.65
-0.00249224 -10.7
-0.0025039 -10.75
-0.00251555 -10.8
-0.0025272 -10.85
-0.00253885 -10.9
-0.0025505 -10.95
-0.00256216 -11
-0.00257381 -11.05
-0.00258546 -11.1
-0.00259711 -11.15
-0.00260877 -11.2
-0.00262042 -11.25
-0.00263207 -11.3
-0.00264372 -11.35
-0.00265537 -11.4
-0.00266703 -11.45
-0.00267868 -11.5
-0.00269033 -11.55
-0.00270199 -11.6
-0.00271364 -11.65
-0.00272529 -11.7
-0.00273694 -11.75
-0.0027486 -11.8
-0.00276025 -11.85
-0.0027719 -11.9
-0.00278356 -11.95
-0.00279521 -12
-0.00280686 -12.05
-0.00281852 -12.1
-0.00283017 -12.15
-0.00284182 -12.2
-0.00285348 -12.25
-0.00286513 -12.3
-0.00287678 -12.35
-0.00288844 -12.4
-0.00290009 -12.45
-0.00291174 -12.5
-0.0029234 -12.55
-0.00293505 -12.6
-0.00294671 -12.65
-0.00295836 -12.7
-0.00297001 -12.75
-0.00298167 -12.8
-0.00299332 -12.85
-0.00300498 -12.9
-0.00301663 -12.95
-0.00302828 -13
-0.00303994 -13.05
-0.00305159 -13.1
-0.00306325 -13.15
-0.0030749 -13.2
-0.00308656 -13.25
-0.00309821 -13.3
-0.00310987 -13.35
-0.00312152 -13.4
-0.00313317 -13.45
-0.00314483 -13.5
-0.00315648 -13.55
-0.00316814 -13.6
-0.00317979 -13.65
-0.00319145 -13.7
-0.0032031 -13.75
-0.00321476 -13.8
-0.00322641 -13.85
-0.00323807 -13.9
-0.00324973 -13.95
-0.00326138 -14
-0.00327304 -14.05
-0.00328469 -14.1
-0.00329635 -14.15
-0.003308 -14.2
-0.00331966 -14.25
-0.00333131 -14.3
-0.00334297 -14.35
-0.00335463 -14.4
-0.00336628 -14.45
-0.00337794 -14.5
-0.00338959 -14.55
-0.00340125 -14.6
-0.0034129 -14.65
-0.00342456 -14.7
-0.00343622 -14.75
-0.00344787 -14.8
-0.00345953 -14.85
-0.00347119 -14.9
-0.00348284 -14.95
-0.0034945 -15
-0.00350616 -15.05
-0.00351781 -15.1
-0.00352947 -15.15
-0.00354112 -15.2
-0.00355278 -15.25
-0.00356444 -15.3
-0.0035761 -15.35
-0.00358775 -15.4
-0.00359941 -15.45
-0.00361107 -15.5
-0.00362272 -15.55
-0.00363438 -15.6
-0.00364604 -15.65
-0.00365769 -15.7
-0.00366935 -15.75
-0.00368101 -15.8
-0.00369267 -15.85
-0.00370432 -15.9
-0.00371598 -15.95
-0.00372764 -16
-0.0037393 -16.05
-0.00375095 -16.1
-0.00376261 -16.15
-0.00377427 -16.2
-0.00378593 -16.25
-0.00379758 -16.3
-0.00380924 -16.35
-0.0038209 -16.4
-0.00383256 -16.45
-0.00384422 -16.5
-0.00385587 -16.55
-0.00386753 -16.6
-0.00387919 -16.65
-0.00389085 -16.7
-0.00390251 -16.75
-0.00391417 -16.8
-0.00392582 -16.85
-0.00393748 -16.9
-0.00394914 -16.95
-0.0039608 -17
-0.00397246 -17.05
-0.00398412 -17.1
-0.00399578 -17.15
-0.00400743 -17.2
-0.00401909 -17.25
-0.00403075 -17.3
-0.00404241 -17.35
-0.00405407 -17.4
-0.00406573 -17.45
-0.00407739 -17.5
-0.00408905 -17.55
-0.00410071 -17.6
-0.00411237 -17.65
-0.00412403 -17.7
-0.00413569 -17.75
-0.00414734 -17.8
-0.004159 -17.85
-0.00417066 -17.9
-0.00418232 -17.95
-0.00419398 -18
-0.00420564 -18.05
-0.0042173 -18.1
-0.00422896 -18.15
-0.00424062 -18.2
-0.00425228 -18.25
-0.00426394 -18.3
-0.0042756 -18.35
-0.00428726 -18.4
-0.00429892 -18.45
-0.00431058 -18.5
-0.00432224 -18.55
-0.0043339 -18.6
-0.00434556 -18.65
-0.00435722 -18.7
-0.00436888 -18.75
-0.00438054 -18.8
-0.00439221 -18.85
-0.00440387 -18.9
-0.00441553 -18.95
-0.00442719 -19
-0.00443885 -19.05
-0.00445051 -19.1
-0.00446217 -19.15
-0.00447383 -19.2
-0.00448549 -19.25
-0.00449715 -19.3
-0.00450881 -19.35
-0.00452048 -19.4
-0.00453214 -19.45
-0.0045438 -19.5
-0.00455546 -19.55
-0.00456712 -19.6
-0.00457878 -19.65
-0.00459044 -19.7
-0.00460211 -19.75
-0.00461377 -19.8
-0.00462543 -19.85
-0.00463709 -19.9
-0.00464875 -19.95
-0.00466041 -20
-0.00467208 -20.05
-0.00468374 -20.1
-0.0046954 -20.15
-0.00470706 -20.2
-0.00471872 -20.25
-0.00473039 -20.3
-0.00474205 -20.35
-0.00475371 -20.4
-0.00476537 -20.45
-0.00477704 -20.5
-0.0047887 -20.55
-0.00480036 -20.6
-0.00481202 -20.65
-0.00482369 -20.7
-0.00483535 -20.75
-0.00484701 -20.8
-0.00485867 -20.85
-0.00487034 -20.9
-0.004882 -20.95
-0.00489366 -21
-0.00490532 -21.05
-0.00491699 -21.1
-0.00492865 -21.15
-0.00494031 -21.2
-0.00495198 -21.25
-0.00496364 -21.3
-0.0049753 -21.35
-0.00498697 -21.4
-0.00499863 -21.45
-0.00501029 -21.5
-0.00502196 -21.55
-0.00503362 -21.6
-0.00504528 -21.65
-0.00505695 -21.7
-0.00506861 -21.75
-0.00508028 -21.8
-0.00509194 -21.85
-0.0051036 -21.9
-0.00511527 -21.95
-0.00512693 -22
-0.0051386 -22.05
-0.00515026 -22.1
-0.00516192 -22.15
-0.00517359 -22.2
-0.00518525 -22.25
-0.00519692 -22.3
-0.00520858 -22.35
-0.00522025 -22.4
-0.00523191 -22.45
-0.00524357 -22.5
-0.00525524 -22.55
-0.0052669 -22.6
-0.00527857 -22.65
-0.00529023 -22.7
-0.0053019 -22.75
-0.00531356 -22.8
-0.00532523 -22.85
-0.00533689 -22.9
-0.00534856 -22.95
-0.00536022 -23
-0.00537189 -23.05
-0.00538355 -23.1
-0.00539522 -23.15
-0.00540688 -23.2
-0.00541855 -23.25
-0.00543021 -23.3
-0.00544188 -23.35
-0.00545354 -23.4
-0.00546521 -23.45
-0.00547688 -23.5
-0.00548854 -23.55
-0.00550021 -23.6
-0.00551187 -23.65
-0.00552354 -23.7
-0.00553521 -23.75
-0.00554687 -23.8
-0.00555854 -23.85
-0.0055702 -23.9
-0.00558187 -23.95
-0.00559354 -24
-0.0056052 -24.05
-0.00561687 -24.1
-0.00562853 -24.15
-0.0056402 -24.2
-0.00565187 -24.25
-0.00566353 -24.3
-0.0056752 -24.35
-0.00568687 -24.4
-0.00569853 -24.45
-0.0057102 -24.5
-0.00572187 -24.55
-0.00573353 -24.6
-0.0057452 -24.65
-0.00575687 -24.7
-0.00576853 -24.75
-0.0057802 -24.8
-0.00579187 -24.85
-0.00580354 -24.9
-0.0058152 -24.95
-0.00582687 -25
-0.00583854 -25.05
-0.0058502 -25.1
-0.00586187 -25.15
-0.00587354 -25.2
-0.00588521 -25.25
-0.00589687 -25.3
-0.00590854 -25.35
-0.00592021 -25.4
-0.00593188 -25.45
-0.00594355 -25.5
-0.00595521 -25.55
-0.00596688 -25.6
-0.00597855 -25.65
-0.00599022 -25.7
-0.00600188 -25.75
-0.00601355 -25.8
-0.00602522 -25.85
-0.00603689 -25.9
-0.00604856 -25.95
-0.00606023 -26
-0.00607189 -26.05
-0.00608356 -26.1
-0.00609523 -26.15
-0.0061069 -26.2
-0.00611857 -26.25
-0.00613024 -26.3
-0.00614191 -26.35
-0.00615357 -26.4
-0.00616524 -26.45
-0.00617691 -26.5
-0.00618858 -26.55
-0.00620025 -26.6
-0.00621192 -26.65
-0.00622359 -26.7
-0.00623526 -26.75
-0.00624693 -26.8
-0.0062586 -26.85
-0.00627026 -26.9
-0.00628193 -26.95
-0.0062936 -27
-0.00630527 -27.05
-0.00631694 -27.1
-0.00632861 -27.15
-0.00634028 -27.2
-0.00635195 -27.25
-0.00636362 -27.3
-0.00637529 -27.35
-0.00638696 -27.4
-0.00639863 -27.45
-0.0064103 -27.5
-0.00642197 -27.55
-0.00643364 -27.6
-0.00644531 -27.65
-0.00645698 -27.7
-0.00646865 -27.75
-0.00648032 -27.8
-0.00649199 -27.85
-0.00650366 -27.9
-0.00651533 -27.95
-0.006527 -28
-0.00653867 -28.05
-0.00655034 -28.1
-0.00656201 -28.15
-0.00657369 -28.2
-0.00658536 -28.25
-0.00659703 -28.3
-0.0066087 -28.35
-0.00662037 -28.4
-0.00663204 -28.45
-0.00664371 -28.5
-0.00665538 -28.55
-0.00666705 -28.6
-0.00667872 -28.65
-0.0066904 -28.7
-0.00670207 -28.75
-0.00671374 -28.8
-0.00672541 -28.85
-0.00673708 -28.9
-0.00674875 -28.95
-0.00676042 -29
-0.0067721 -29.05
-0.00678377 -29.1
-0.00679544 -29.15
-0.00680711 -29.2
-0.00681878 -29.25
-0.00683045 -29.3
-0.00684213 -29.35
-0.0068538 -29.4
-0.00686547 -29.45
-0.00687714 -29.5
-0.00688881 -29.55
-0.00690049 -29.6
-0.00691216 -29.65
-0.00692383 -29.7
-0.0069355 -29.75
-0.00694718 -29.8
-0.00695885 -29.85
-0.00697052 -29.9
-0.00698219 -29.95
-0.00699387 -30
-0.00700554 -30.05
-0.00701721 -30.1
-0.00702888 -30.15
-0.00704056 -30.2
-0.00705223 -30.25
-0.0070639 -30.3
-0.00707558 -30.35
-0.00708725 -30.4
-0.00709892 -30.45
-0.0071106 -30.5
-0.00712227 -30.55
-0.00713394 -30.6
-0.00714562 -30.65
-0.00715729 -30.7
-0.00716896 -30.75
-0.00718064 -30.8
-0.00719231 -30.85
-0.00720398 -30.9
-0.00721566 -30.95
-0.00722733 -31
-0.007239 -31.05
-0.00725068 -31.1
-0.00726235 -31.15
-0.00727403 -31.2
-0.0072857 -31.25
-0.00729737 -31.3
-0.00730905 -31.35
-0.00732072 -31.4
-0.0073324 -31.45
-0.00734407 -31.5
-0.00735575 -31.55
-0.00736742 -31.6
-0.00737909 -31.65
-0.00739077 -31.7
-0.00740244 -31.75
-0.00741412 -31.8
-0.00742579 -31.85
-0.00743747 -31.9
-0.00744914 -31.95
-0.00746082 -32
-0.00747249 -32.05
-0.00748417 -32.1
-0.00749584 -32.15
-0.00750752 -32.2
-0.00751919 -32.25
-0.00753087 -32.3
-0.00754254 -32.35
-0.00755422 -32.4
-0.00756589 -32.45
-0.00757757 -32.5
-0.00758924 -32.55
-0.00760092 -32.6
-0.00761259 -32.65
-0.00762427 -32.7
-0.00763595 -32.75
-0.00764762 -32.8
-0.0076593 -32.85
-0.00767097 -32.9
-0.00768265 -32.95
-0.00769432 -33
-0.007706 -33.05
-0.00771768 -33.1
-0.00772935 -33.15
-0.00774103 -33.2
-0.0077527 -33.25
-0.00776438 -33.3
-0.00777606 -33.35
-0.00778773 -33.4
-0.00779941 -33.45
-0.00781109 -33.5
-0.00782276 -33.55
-0.00783444 -33.6
-0.00784612 -33.65
-0.00785779 -33.7
-0.00786947 -33.75
-0.00788115 -33.8
-0.00789282 -33.85
-0.0079045 -33.9
-0.00791618 -33.95
-0.00792785 -34
-0.00793953 -34.05
-0.00795121 -34.1
-0.00796288 -34.15
-0.00797456 -34.2
-0.00798624 -34.25
-0.00799792 -34.3
-0.00800959 -34.35
-0.00802127 -34.4
-0.00803295 -34.45
-0.00804463 -34.5
-0.0080563 -34.55
-0.00806798 -34.6
-0.00807966 -34.65
-0.00809134 -34.7
-0.00810301 -34.75
-0.00811469 -34.8
-0.00812637 -34.85
-0.00813805 -34.9
-0.00814973 -34.95
-0.0081614 -35
-0.00817308 -35.05
-0.00818476 -35.1
-0.00819644 -35.15
-0.00820812 -35.2
-0.0082198 -35.25
-0.00823147 -35.3
-0.00824315 -35.35
-0.00825483 -35.4
-0.00826651 -35.45
-0.00827819 -35.5
-0.00828987 -35.55
-0.00830154 -35.6
-0.00831322 -35.65
-0.0083249 -35.7
-0.00833658 -35.75
-0.00834826 -35.8
-0.00835994 -35.85
-0.00837162 -35.9
-0.0083833 -35.95
-0.00839498 -36
-0.00840666 -36.05
-0.00841833 -36.1
-0.00843001 -36.15
-0.00844169 -36.2
-0.00845337 -36.25
-0.00846505 -36.3
-0.00847673 -36.35
-0.00848841 -36.4
-0.00850009 -36.45
-0.00851177 -36.5
-0.00852345 -36.55
-0.00853513 -36.6
-0.00854681 -36.65
-0.00855849 -36.7
-0.00857017 -36.75
-0.00858185 -36.8
-0.00859353 -36.85
-0.00860521 -36.9
-0.00861689 -36.95
-0.00862857 -37
-0.00864025 -37.05
-0.00865193 -37.1
-0.00866361 -37.15
-0.00867529 -37.2
-0.00868697 -37.25
-0.00869865 -37.3
-0.00871033 -37.35
-0.00872201 -37.4
-0.00873369 -37.45
-0.00874538 -37.5
-0.00875706 -37.55
-0.00876874 -37.6
-0.00878042 -37.65
-0.0087921 -37.7
-0.00880378 -37.75
-0.00881546 -37.8
-0.00882714 -37.85
-0.00883882 -37.9
-0.0088505 -37.95
-0.00886219 -38
-0.00887387 -38.05
-0.00888555 -38.1
-0.00889723 -38.15
-0.00890891 -38.2
-0.00892059 -38.25
-0.00893227 -38.3
-0.00894396 -38.35
-0.00895564 -38.4
-0.00896732 -38.45
-0.008979 -38.5
-0.00899068 -38.55
-0.00900237 -38.6
-0.00901405 -38.65
-0.00902573 -38.7
-0.00903741 -38.75
-0.00904909 -38.8
-0.00906078 -38.85
-0.00907246 -38.9
-0.00908414 -38.95
-0.00909582 -39
-0.00910751 -39.05
-0.00911919 -39.1
-0.00913087 -39.15
-0.00914255 -39.2
-0.00915424 -39.25
-0.00916592 -39.3
-0.0091776 -39.35
-0.00918928 -39.4
-0.00920097 -39.45
-0.00921265 -39.5
-0.00922433 -39.55
-0.00923602 -39.6
-0.0092477 -39.65
-0.00925938 -39.7
-0.00927107 -39.75
-0.00928275 -39.8
-0.00929443 -39.85
-0.00930612 -39.9
-0.0093178 -39.95
-0.00932948 -40
-0.00934117 -40.05
-0.00935285 -40.1
-0.00936453 -40.15
-0.00937622 -40.2
-0.0093879 -40.25
-0.00939958 -40.3
-0.00941127 -40.35
-0.00942295 -40.4
-0.00943464 -40.45
-0.00944632 -40.5
-0.009458 -40.55
-0.00946969 -40.6
-0.00948137 -40.65
-0.00949306 -40.7
-0.00950474 -40.75
-0.00951642 -40.8
-0.00952811 -40.85
-0.00953979 -40.9
-0.00955148 -40.95
-0.00956316 -41
-0.00957485 -41.05
-0.00958653 -41.1
-0.00959822 -41.15
-0.0096099 -41.2
-0.00962159 -41.25
-0.00963327 -41.3
-0.00964496 -41.35
-0.00965664 -41.4
-0.00966833 -41.45
-0.00968001 -41.5
-0.0096917 -41.55
-0.00970338 -41.6
-0.00971507 -41.65
-0.00972675 -41.7
-0.00973844 -41.75
-0.00975012 -41.8
-0.00976181 -41.85
-0.00977349 -41.9
-0.00978518 -41.95
-0.00979686 -42
-0.00980855 -42.05
-0.00982024 -42.1
-0.00983192 -42.15
-0.00984361 -42.2
-0.00985529 -42.25
-0.00986698 -42.3
-0.00987867 -42.35
-0.00989035 -42.4
-0.00990204 -42.45
-0.00991372 -42.5
-0.00992541 -42.55
-0.0099371 -42.6
-0.00994878 -42.65
-0.00996047 -42.7
-0.00997216 -42.75
-0.00998384 -42.8
-0.00999553 -42.85
-0.0100072 -42.9
-0.0100189 -42.95
-0.0100306 -43
-0.0100423 -43.05
-0.010054 -43.1
-0.0100656 -43.15
-0.0100773 -43.2
-0.010089 -43.25
-0.0101007 -43.3
-0.0101124 -43.35
-0.0101241 -43.4
-0.0101358 -43.45
-0.0101475 -43.5
-0.0101591 -43.55
-0.0101708 -43.6
-0.0101825 -43.65
-0.0101942 -43.7
-0.0102059 -43.75
-0.0102176 -43.8
-0.0102293 -43.85
-0.010241 -43.9
-0.0102526 -43.95
-0.0102643 -44
-0.010276 -44.05
-0.0102877 -44.1
-0.0102994 -44.15
-0.0103111 -44.2
-0.0103228 -44.25
-0.0103345 -44.3
-0.0103461 -44.35
-0.0103578 -44.4
-0.0103695 -44.45
-0.0103812 -44.5
-0.0103929 -44.55
-0.0104046 -44.6
-0.0104163 -44.65
-0.010428 -44.7
-0.0104397 -44.75
-0.0104513 -44.8
-0.010463 -44.85
-0.0104747 -44.9
-0.0104864 -44.95
-0.0104981 -45
-0.0105098 -45.05
-0.0105215 -45.1
-0.0105332 -45.15
-0.0105449 -45.2
-0.0105565 -45.25
-0.0105682 -45.3
-0.0105799 -45.35
-0.0105916 -45.4
-0.0106033 -45.45
-0.010615 -45.5
-0.0106267 -45.55
-0.0106384 -45.6
-0.0106501 -45.65
-0.0106618 -45.7
-0.0106734 -45.75
-0.0106851 -45.8
-0.0106968 -45.85
-0.0107085 -45.9
-0.0107202 -45.95
-0.0107319 -46
-0.0107436 -46.05
-0.0107553 -46.1
-0.010767 -46.15
-0.0107786 -46.2
-0.0107903 -46.25
-0.010802 -46.3
-0.0108137 -46.35
-0.0108254 -46.4
-0.0108371 -46.45
-0.0108488 -46.5
-0.0108605 -46.55
-0.0108722 -46.6
-0.0108839 -46.65
-0.0108956 -46.7
-0.0109072 -46.75
-0.0109189 -46.8
-0.0109306 -46.85
-0.0109423 -46.9
-0.010954 -46.95
-0.0109657 -47
-0.0109774 -47.05
-0.0109891 -47.1
-0.0110008 -47.15
-0.0110125 -47.2
-0.0110242 -47.25
-0.0110358 -47.3
-0.0110475 -47.35
-0.0110592 -47.4
-0.0110709 -47.45
-0.0110826 -47.5
-0.0110943 -47.55
-0.011106 -47.6
-0.0111177 -47.65
-0.0111294 -47.7
-0.0111411 -47.75
-0.0111528 -47.8
-0.0111645 -47.85
-0.0111761 -47.9
-0.0111878 -47.95
-0.0111995 -48
-0.0112112 -48.05
-0.0112229 -48.1
-0.0112346 -48.15
-0.0112463 -48.2
-0.011258 -48.25
-0.0112697 -48.3
-0.0112814 -48.35
-0.0112931 -48.4
-0.0113048 -48.45
-0.0113165 -48.5
-0.0113281 -48.55
-0.0113398 -48.6
-0.0113515 -48.65
-0.0113632 -48.7
-0.0113749 -48.75
-0.0113866 -48.8
-0.0113983 -48.85
-0.01141 -48.9
-0.0114217 -48.95
-0.0114334 -49
-0.0114451 -49.05
-0.0114568 -49.1
-0.0114685 -49.15
-0.0114802 -49.2
-0.0114919 -49.25
-0.0115035 -49.3
-0.0115152 -49.35
-0.0115269 -49.4
-0.0115386 -49.45
-0.0115503 -49.5
-0.011562 -49.55
-0.0115737 -49.6
-0.0115854 -49.65
-0.0115971 -49.7
-0.0116088 -49.75
-0.0116205 -49.8
-0.0116322 -49.85
-0.0116439 -49.9
-0.0116556 -49.95
-0.0116673 -50
-0.011679 -50.05
-0.0116906 -50.1
-0.0117023 -50.15
-0.011714 -50.2
-0.0117257 -50.25
-0.0117374 -50.3
-0.0117491 -50.35
-0.0117608 -50.4
-0.0117725 -50.45
-0.0117842 -50.5
-0.0117959 -50.55
-0.0118076 -50.6
-0.0118193 -50.65
-0.011831 -50.7
-0.0118427 -50.75
-0.0118544 -50.8
-0.0118661 -50.85
-0.0118778 -50.9
-0.0118895 -50.95
-0.0119012 -51
-0.0119129 -51.05
-0.0119245 -51.1
-0.0119362 -51.15
-0.0119479 -51.2
-0.0119596 -51.25
-0.0119713 -51.3
-0.011983 -51.35
-0.0119947 -51.4
-0.0120064 -51.45
-0.0120181 -51.5
-0.0120298 -51.55
-0.0120415 -51.6
-0.0120532 -51.65
-0.0120649 -51.7
-0.0120766 -51.75
-0.0120883 -51.8
-0.0121 -51.85
-0.0121117 -51.9
-0.0121234 -51.95
-0.0121351 -52
-0.0121468 -52.05
-0.0121585 -52.1
-0.0121702 -52.15
-0.0121819 -52.2
-0.0121936 -52.25
-0.0122053 -52.3
-0.012217 -52.35
-0.0122286 -52.4
-0.0122403 -52.45
-0.012252 -52.5
-0.0122637 -52.55
-0.0122754 -52.6
-0.0122871 -52.65
-0.0122988 -52.7
-0.0123105 -52.75
-0.0123222 -52.8
-0.0123339 -52.85
-0.0123456 -52.9
-0.0123573 -52.95
-0.012369 -53
-0.0123807 -53.05
-0.0123924 -53.1
-0.0124041 -53.15
-0.0124158 -53.2
-0.0124275 -53.25
-0.0124392 -53.3
-0.0124509 -53.35
-0.0124626 -53.4
-0.0124743 -53.45
-0.012486 -53.5
-0.0124977 -53.55
-0.0125094 -53.6
-0.0125211 -53.65
-0.0125328 -53.7
-0.0125445 -53.75
-0.0125562 -53.8
-0.0125679 -53.85
-0.0125796 -53.9
-0.0125913 -53.95
-0.012603 -54
-0.0126147 -54.05
-0.0126264 -54.1
-0.0126381 -54.15
-0.0126498 -54.2
-0.0126615 -54.25
-0.0126732 -54.3
-0.0126849 -54.35
-0.0126966 -54.4
-0.0127083 -54.45
-0.01272 -54.5
-0.0127317 -54.55
-0.0127434 -54.6
-0.0127551 -54.65
-0.0127668 -54.7
-0.0127785 -54.75
-0.0127902 -54.8
-0.0128019 -54.85
-0.0128136 -54.9
-0.0128253 -54.95
-0.012837 -55
-0.0128487 -55.05
-0.0128604 -55.1
-0.0128721 -55.15
-0.0128838 -55.2
-0.0128955 -55.25
-0.0129072 -55.3
-0.0129189 -55.35
-0.0129306 -55.4
-0.0129423 -55.45
-0.012954 -55.5
-0.0129657 -55.55
-0.0129774 -55.6
-0.0129891 -55.65
-0.0130008 -55.7
-0.0130125 -55.75
-0.0130242 -55.8
-0.0130359 -55.85
-0.0130476 -55.9
-0.0130593 -55.95
-0.013071 -56
-0.0130827 -56.05
-0.0130944 -56.1
-0.0131061 -56.15
-0.0131178 -56.2
-0.0131295 -56.25
-0.0131412 -56.3
-0.0131529 -56.35
-0.0131646 -56.4
-0.0131763 -56.45
-0.013188 -56.5
-0.0131997 -56.55
-0.0132114 -56.6
-0.0132231 -56.65
-0.0132348 -56.7
-0.0132465 -56.75
-0.0132582 -56.8
-0.0132699 -56.85
-0.0132816 -56.9
-0.0132933 -56.95
-0.013305 -57
-0.0133167 -57.05
-0.0133284 -57.1
-0.0133401 -57.15
-0.0133518 -57.2
-0.0133635 -57.25
-0.0133752 -57.3
-0.0133869 -57.35
-0.0133986 -57.4
-0.0134103 -57.45
-0.013422 -57.5
-0.0134337 -57.55
-0.0134454 -57.6
-0.0134571 -57.65
-0.0134688 -57.7
-0.0134805 -57.75
-0.0134922 -57.8
-0.0135039 -57.85
-0.0135156 -57.9
-0.0135273 -57.95
-0.013539 -58
-0.0135507 -58.05
-0.0135624 -58.1
-0.0135741 -58.15
-0.0135859 -58.2
-0.0135976 -58.25
-0.0136093 -58.3
-0.013621 -58.35
-0.0136327 -58.4
-0.0136444 -58.45
-0.0136561 -58.5
-0.0136678 -58.55
-0.0136795 -58.6
-0.0136912 -58.65
-0.0137029 -58.7
-0.0137146 -58.75
-0.0137263 -58.8
-0.013738 -58.85
-0.0137497 -58.9
-0.0137614 -58.95
-0.0137731 -59
-0.0137848 -59.05
-0.0137965 -59.1
-0.0138082 -59.15
-0.0138199 -59.2
-0.0138316 -59.25
-0.0138433 -59.3
-0.013855 -59.35
-0.0138667 -59.4
-0.0138784 -59.45
-0.0138902 -59.5
-0.0139019 -59.55
-0.0139136 -59.6
-0.0139253 -59.65
-0.013937 -59.7
-0.0139487 -59.75
-0.0139604 -59.8
-0.0139721 -59.85
-0.0139838 -59.9
-0.0139955 -59.95
-0.0140072 -60
-0.0140189 -60.05
-0.0140306 -60.1
-0.0140423 -60.15
-0.014054 -60.2
-0.0140657 -60.25
-0.0140774 -60.3
-0.0140891 -60.35
-0.0141008 -60.4
-0.0141125 -60.45
-0.0141243 -60.5
-0.014136 -60.55
-0.0141477 -60.6
-0.0141594 -60.65
-0.0141711 -60.7
-0.0141828 -60.75
-0.0141945 -60.8
-0.0142062 -60.85
-0.0142179 -60.9
-0.0142296 -60.95
-0.0142413 -61
-0.014253 -61.05
-0.0142647 -61.1
-0.0142764 -61.15
-0.0142881 -61.2
-0.0142998 -61.25
-0.0143115 -61.3
-0.0143233 -61.35
-0.014335 -61.4
-0.0143467 -61.45
-0.0143584 -61.5
-0.0143701 -61.55
-0.0143818 -61.6
-0.0143935 -61.65
-0.0144052 -61.7
-0.0144169 -61.75
-0.0144286 -61.8
-0.0144403 -61.85
-0.014452 -61.9
-0.0144637 -61.95
-0.0144754 -62
-0.0144872 -62.05
-0.0144989 -62.1
-0.0145106 -62.15
-0.0145223 -62.2
-0.014534 -62.25
-0.0145457 -62.3
-0.0145574 -62.35
-0.0145691 -62.4
-0.0145808 -62.45
-0.0145925 -62.5
-0.0146042 -62.55
-0.0146159 -62.6
-0.0146276 -62.65
-0.0146394 -62.7
-0.0146511 -62.75
-0.0146628 -62.8
-0.0146745 -62.85
-0.0146862 -62.9
-0.0146979 -62.95
-0.0147096 -63
-0.0147213 -63.05
-0.014733 -63.1
-0.0147447 -63.15
-0.0147564 -63.2
-0.0147681 -63.25
-0.0147799 -63.3
-0.0147916 -63.35
-0.0148033 -63.4
-0.014815 -63.45
-0.0148267 -63.5
-0.0148384 -63.55
-0.0148501 -63.6
-0.0148618 -63.65
-0.0148735 -63.7
-0.0148852 -63.75
-0.0148969 -63.8
-0.0149087 -63.85
-0.0149204 -63.9
-0.0149321 -63.95
-0.0149438 -64
-0.0149555 -64.05
-0.0149672 -64.1
-0.0149789 -64.15
-0.0149906 -64.2
-0.0150023 -64.25
-0.015014 -64.3
-0.0150257 -64.35
-0.0150375 -64.4
-0.0150492 -64.45
-0.0150609 -64.5
-0.0150726 -64.55
-0.0150843 -64.6
-0.015096 -64.65
-0.0151077 -64.7
-0.0151194 -64.75
-0.0151311 -64.8
-0.0151428 -64.85
-0.0151546 -64.9
-0.0151663 -64.95
-0.015178 -65
-0.0151897 -65.05
-0.0152014 -65.1
-0.0152131 -65.15
-0.0152248 -65.2
-0.0152365 -65.25
-0.0152482 -65.3
-0.01526 -65.35
-0.0152717 -65.4
-0.0152834 -65.45
-0.0152951 -65.5
-0.0153068 -65.55
-0.0153185 -65.6
-0.0153302 -65.65
-0.0153419 -65.7
-0.0153536 -65.75
-0.0153654 -65.8
-0.0153771 -65.85
-0.0153888 -65.9
-0.0154005 -65.95
-0.0154122 -66
-0.0154239 -66.05
-0.0154356 -66.1
-0.0154473 -66.15
-0.015459 -66.2
-0.0154708 -66.25
-0.0154825 -66.3
-0.0154942 -66.35
-0.0155059 -66.4
-0.0155176 -66.45
-0.0155293 -66.5
-0.015541 -66.55
-0.0155527 -66.6
-0.0155645 -66.65
-0.0155762 -66.7
-0.0155879 -66.75
-0.0155996 -66.8
-0.0156113 -66.85
-0.015623 -66.9
-0.0156347 -66.95
-0.0156464 -67
-0.0156582 -67.05
-0.0156699 -67.1
-0.0156816 -67.15
-0.0156933 -67.2
-0.015705 -67.25
-0.0157167 -67.3
-0.0157284 -67.35
-0.0157401 -67.4
-0.0157519 -67.45
-0.0157636 -67.5
-0.0157753 -67.55
-0.015787 -67.6
-0.0157987 -67.65
-0.0158104 -67.7
-0.0158221 -67.75
-0.0158339 -67.8
-0.0158456 -67.85
-0.0158573 -67.9
-0.015869 -67.95
-0.0158807 -68
-0.0158924 -68.05
-0.0159041 -68.1
-0.0159158 -68.15
-0.0159276 -68.2
-0.0159393 -68.25
-0.015951 -68.3
-0.0159627 -68.35
-0.0159744 -68.4
-0.0159861 -68.45
-0.0159978 -68.5
-0.0160096 -68.55
-0.0160213 -68.6
-0.016033 -68.65
-0.0160447 -68.7
-0.0160564 -68.75
-0.0160681 -68.8
-0.0160798 -68.85
-0.0160916 -68.9
-0.0161033 -68.95
-0.016115 -69
-0.0161267 -69.05
-0.0161384 -69.1
-0.0161501 -69.15
-0.0161619 -69.2
-0.0161736 -69.25
-0.0161853 -69.3
-0.016197 -69.35
-0.0162087 -69.4
-0.0162204 -69.45
-0.0162321 -69.5
-0.0162439 -69.55
-0.0162556 -69.6
-0.0162673 -69.65
-0.016279 -69.7
-0.0162907 -69.75
-0.0163024 -69.8
-0.0163142 -69.85
-0.0163259 -69.9
-0.0163376 -69.95
-0.0163493 -70
-0.016361 -70.05
-0.0163727 -70.1
-0.0163844 -70.15
-0.0163962 -70.2
-0.0164079 -70.25
-0.0164196 -70.3
-0.0164313 -70.35
-0.016443 -70.4
-0.0164547 -70.45
-0.0164665 -70.5
-0.0164782 -70.55
-0.0164899 -70.6
-0.0165016 -70.65
-0.0165133 -70.7
-0.016525 -70.75
-0.0165368 -70.8
-0.0165485 -70.85
-0.0165602 -70.9
-0.0165719 -70.95
-0.0165836 -71
-0.0165953 -71.05
-0.0166071 -71.1
-0.0166188 -71.15
-0.0166305 -71.2
-0.0166422 -71.25
-0.0166539 -71.3
-0.0166656 -71.35
-0.0166774 -71.4
-0.0166891 -71.45
-0.0167008 -71.5
-0.0167125 -71.55
-0.0167242 -71.6
-0.016736 -71.65
-0.0167477 -71.7
-0.0167594 -71.75
-0.0167711 -71.8
-0.0167828 -71.85
-0.0167945 -71.9
-0.0168063 -71.95
-0.016818 -72
-0.0168297 -72.05
-0.0168414 -72.1
-0.0168531 -72.15
-0.0168649 -72.2
-0.0168766 -72.25
-0.0168883 -72.3
-0.0169 -72.35
-0.0169117 -72.4
-0.0169234 -72.45
-0.0169352 -72.5
-0.0169469 -72.55
-0.0169586 -72.6
-0.0169703 -72.65
-0.016982 -72.7
-0.0169938 -72.75
-0.0170055 -72.8
-0.0170172 -72.85
-0.0170289 -72.9
-0.0170406 -72.95
-0.0170523 -73
-0.0170641 -73.05
-0.0170758 -73.1
-0.0170875 -73.15
-0.0170992 -73.2
-0.0171109 -73.25
-0.0171227 -73.3
-0.0171344 -73.35
-0.0171461 -73.4
-0.0171578 -73.45
-0.0171695 -73.5
-0.0171813 -73.55
-0.017193 -73.6
-0.0172047 -73.65
-0.0172164 -73.7
-0.0172281 -73.75
-0.0172399 -73.8
-0.0172516 -73.85
-0.0172633 -73.9
-0.017275 -73.95
-0.0172867 -74
-0.0172985 -74.05
-0.0173102 -74.1
-0.0173219 -74.15
-0.0173336 -74.2
-0.0173453 -74.25
-0.0173571 -74.3
-0.0173688 -74.35
-0.0173805 -74.4
-0.0173922 -74.45
-0.0174039 -74.5
-0.0174157 -74.55
-0.0174274 -74.6
-0.0174391 -74.65
-0.0174508 -74.7
-0.0174626 -74.75
-0.0174743 -74.8
-0.017486 -74.85
-0.0174977 -74.9
-0.0175094 -74.95
-0.0175212 -75
-0.0175329 -75.05
-0.0175446 -75.1
-0.0175563 -75.15
-0.017568 -75.2
-0.0175798 -75.25
-0.0175915 -75.3
-0.0176032 -75.35
-0.0176149 -75.4
-0.0176267 -75.45
-0.0176384 -75.5
-0.0176501 -75.55
-0.0176618 -75.6
-0.0176735 -75.65
-0.0176853 -75.7
-0.017697 -75.75
-0.0177087 -75.8
-0.0177204 -75.85
-0.0177322 -75.9
-0.0177439 -75.95
-0.0177556 -76
-0.0177673 -76.05
-0.017779 -76.1
-0.0177908 -76.15
-0.0178025 -76.2
-0.0178142 -76.25
-0.0178259 -76.3
-0.0178377 -76.35
-0.0178494 -76.4
-0.0178611 -76.45
-0.0178728 -76.5
-0.0178845 -76.55
-0.0178963 -76.6
-0.017908 -76.65
-0.0179197 -76.7
-0.0179314 -76.75
-0.0179432 -76.8
-0.0179549 -76.85
-0.0179666 -76.9
-0.0179783 -76.95
-0.0179901 -77
-0.0180018 -77.05
-0.0180135 -77.1
-0.0180252 -77.15
-0.0180369 -77.2
-0.0180487 -77.25
-0.0180604 -77.3
-0.0180721 -77.35
-0.0180838 -77.4
-0.0180956 -77.45
-0.0181073 -77.5
-0.018119 -77.55
-0.0181307 -77.6
-0.0181425 -77.65
-0.0181542 -77.7
-0.0181659 -77.75
-0.0181776 -77.8
-0.0181894 -77.85
-0.0182011 -77.9
-0.0182128 -77.95
-0.0182245 -78
-0.0182363 -78.05
-0.018248 -78.1
-0.0182597 -78.15
-0.0182714 -78.2
-0.0182832 -78.25
-0.0182949 -78.3
-0.0183066 -78.35
-0.0183183 -78.4
-0.0183301 -78.45
-0.0183418 -78.5
-0.0183535 -78.55
-0.0183652 -78.6
-0.018377 -78.65
-0.0183887 -78.7
-0.0184004 -78.75
-0.0184121 -78.8
-0.0184239 -78.85
-0.0184356 -78.9
-0.0184473 -78.95
-0.018459 -79
-0.0184708 -79.05
-0.0184825 -79.1
-0.0184942 -79.15
-0.0185059 -79.2
-0.0185177 -79.25
-0.0185294 -79.3
-0.0185411 -79.35
-0.0185528 -79.4
-0.0185646 -79.45
-0.0185763 -79.5
-0.018588 -79.55
-0.0185997 -79.6
-0.0186115 -79.65
-0.0186232 -79.7
-0.0186349 -79.75
-0.0186467 -79.8
-0.0186584 -79.85
-0.0186701 -79.9
-0.0186818 -79.95
-0.0186936 -80
-0.0187053 -80.05
-0.018717 -80.1
-0.0187287 -80.15
-0.0187405 -80.2
-0.0187522 -80.25
-0.0187639 -80.3
-0.0187756 -80.35
-0.0187874 -80.4
-0.0187991 -80.45
-0.0188108 -80.5
-0.0188226 -80.55
-0.0188343 -80.6
-0.018846 -80.65
-0.0188577 -80.7
-0.0188695 -80.75
-0.0188812 -80.8
-0.0188929 -80.85
-0.0189046 -80.9
-0.0189164 -80.95
-0.0189281 -81
-0.0189398 -81.05
-0.0189516 -81.1
-0.0189633 -81.15
-0.018975 -81.2
-0.0189867 -81.25
-0.0189985 -81.3
-0.0190102 -81.35
-0.0190219 -81.4
-0.0190337 -81.45
-0.0190454 -81.5
-0.0190571 -81.55
-0.0190688 -81.6
-0.0190806 -81.65
-0.0190923 -81.7
-0.019104 -81.75
-0.0191158 -81.8
-0.0191275 -81.85
-0.0191392 -81.9
-0.0191509 -81.95
-0.0191627 -82
-0.0191744 -82.05
-0.0191861 -82.1
-0.0191979 -82.15
-0.0192096 -82.2
-0.0192213 -82.25
-0.019233 -82.3
-0.0192448 -82.35
-0.0192565 -82.4
-0.0192682 -82.45
-0.01928 -82.5
-0.0192917 -82.55
-0.0193034 -82.6
-0.0193151 -82.65
-0.0193269 -82.7
-0.0193386 -82.75
-0.0193503 -82.8
-0.0193621 -82.85
-0.0193738 -82.9
-0.0193855 -82.95
-0.0193973 -83
-0.019409 -83.05
-0.0194207 -83.1
-0.0194324 -83.15
-0.0194442 -83.2
-0.0194559 -83.25
-0.0194676 -83.3
-0.0194794 -83.35
-0.0194911 -83.4
-0.0195028 -83.45
-0.0195146 -83.5
-0.0195263 -83.55
-0.019538 -83.6
-0.0195498 -83.65
-0.0195615 -83.7
-0.0195732 -83.75
-0.0195849 -83.8
-0.0195967 -83.85
-0.0196084 -83.9
-0.0196201 -83.95
-0.0196319 -84
-0.0196436 -84.05
-0.0196553 -84.1
-0.0196671 -84.15
-0.0196788 -84.2
-0.0196905 -84.25
-0.0197023 -84.3
-0.019714 -84.35
-0.0197257 -84.4
-0.0197374 -84.45
-0.0197492 -84.5
-0.0197609 -84.55
-0.0197726 -84.6
-0.0197844 -84.65
-0.0197961 -84.7
-0.0198078 -84.75
-0.0198196 -84.8
-0.0198313 -84.85
-0.019843 -84.9
-0.0198548 -84.95
-0.0198665 -85
-0.0198782 -85.05
-0.01989 -85.1
-0.0199017 -85.15
-0.0199134 -85.2
-0.0199252 -85.25
-0.0199369 -85.3
-0.0199486 -85.35
-0.0199604 -85.4
-0.0199721 -85.45
-0.0199838 -85.5
-0.0199956 -85.55
-0.0200073 -85.6
-0.020019 -85.65
-0.0200308 -85.7
-0.0200425 -85.75
-0.0200542 -85.8
-0.020066 -85.85
-0.0200777 -85.9
-0.0200894 -85.95
-0.0201011 -86
-0.0201129 -86.05
-0.0201246 -86.1
-0.0201363 -86.15
-0.0201481 -86.2
-0.0201598 -86.25
-0.0201715 -86.3
-0.0201833 -86.35
-0.020195 -86.4
-0.0202068 -86.45
-0.0202185 -86.5
-0.0202302 -86.55
-0.020242 -86.6
-0.0202537 -86.65
-0.0202654 -86.7
-0.0202772 -86.75
-0.0202889 -86.8
-0.0203006 -86.85
-0.0203124 -86.9
-0.0203241 -86.95
-0.0203358 -87
-0.0203476 -87.05
-0.0203593 -87.1
-0.020371 -87.15
-0.0203828 -87.2
-0.0203945 -87.25
-0.0204062 -87.3
-0.020418 -87.35
-0.0204297 -87.4
-0.0204414 -87.45
-0.0204532 -87.5
-0.0204649 -87.55
-0.0204766 -87.6
-0.0204884 -87.65
-0.0205001 -87.7
-0.0205118 -87.75
-0.0205236 -87.8
-0.0205353 -87.85
-0.020547 -87.9
-0.0205588 -87.95
-0.0205705 -88
-0.0205823 -88.05
-0.020594 -88.1
-0.0206057 -88.15
-0.0206175 -88.2
-0.0206292 -88.25
-0.0206409 -88.3
-0.0206527 -88.35
-0.0206644 -88.4
-0.0206761 -88.45
-0.0206879 -88.5
-0.0206996 -88.55
-0.0207113 -88.6
-0.0207231 -88.65
-0.0207348 -88.7
-0.0207466 -88.75
-0.0207583 -88.8
-0.02077 -88.85
-0.0207818 -88.9
-0.0207935 -88.95
-0.0208052 -89
-0.020817 -89.05
-0.0208287 -89.1
-0.0208404 -89.15
-0.0208522 -89.2
-0.0208639 -89.25
-0.0208757 -89.3
-0.0208874 -89.35
-0.0208991 -89.4
-0.0209109 -89.45
-0.0209226 -89.5
-0.0209343 -89.55
-0.0209461 -89.6
-0.0209578 -89.65
-0.0209696 -89.7
-0.0209813 -89.75
-0.020993 -89.8
-0.0210048 -89.85
-0.0210165 -89.9
-0.0210282 -89.95
-0.02104 -90
-0.0210517 -90.05
-0.0210635 -90.1
-0.0210752 -90.15
-0.0210869 -90.2
-0.0210987 -90.25
-0.0211104 -90.3
-0.0211221 -90.35
-0.0211339 -90.4
-0.0211456 -90.45
-0.0211574 -90.5
-0.0211691 -90.55
-0.0211808 -90.6
-0.0211926 -90.65
-0.0212043 -90.7
-0.021216 -90.75
-0.0212278 -90.8
-0.0212395 -90.85
-0.0212513 -90.9
-0.021263 -90.95
-0.0212747 -91
-0.0212865 -91.05
-0.0212982 -91.1
-0.02131 -91.15
-0.0213217 -91.2
-0.0213334 -91.25
-0.0213452 -91.3
-0.0213569 -91.35
-0.0213686 -91.4
-0.0213804 -91.45
-0.0213921 -91.5
-0.0214039 -91.55
-0.0214156 -91.6
-0.0214273 -91.65
-0.0214391 -91.7
-0.0214508 -91.75
-0.0214626 -91.8
-0.0214743 -91.85
-0.021486 -91.9
-0.0214978 -91.95
-0.0215095 -92
-0.0215213 -92.05
-0.021533 -92.1
-0.0215447 -92.15
-0.0215565 -92.2
-0.0215682 -92.25
-0.02158 -92.3
-0.0215917 -92.35
-0.0216034 -92.4
-0.0216152 -92.45
-0.0216269 -92.5
-0.0216387 -92.55
-0.0216504 -92.6
-0.0216621 -92.65
-0.0216739 -92.7
-0.0216856 -92.75
-0.0216974 -92.8
-0.0217091 -92.85
-0.0217208 -92.9
-0.0217326 -92.95
-0.0217443 -93
-0.0217561 -93.05
-0.0217678 -93.1
-0.0217795 -93.15
-0.0217913 -93.2
-0.021803 -93.25
-0.0218148 -93.3
-0.0218265 -93.35
-0.0218382 -93.4
-0.02185 -93.45
-0.0218617 -93.5
-0.0218735 -93.55
-0.0218852 -93.6
-0.021897 -93.65
-0.0219087 -93.7
-0.0219204 -93.75
-0.0219322 -93.8
-0.0219439 -93.85
-0.0219557 -93.9
-0.0219674 -93.95
-0.0219791 -94
-0.0219909 -94.05
-0.0220026 -94.1
-0.0220144 -94.15
-0.0220261 -94.2
-0.0220379 -94.25
-0.0220496 -94.3
-0.0220613 -94.35
-0.0220731 -94.4
-0.0220848 -94.45
-0.0220966 -94.5
-0.0221083 -94.55
-0.0221201 -94.6
-0.0221318 -94.65
-0.0221435 -94.7
-0.0221553 -94.75
-0.022167 -94.8
-0.0221788 -94.85
-0.0221905 -94.9
-0.0222023 -94.95
-0.022214 -95
-0.0222257 -95.05
-0.0222375 -95.1
-0.0222492 -95.15
-0.022261 -95.2
-0.0222727 -95.25
-0.0222845 -95.3
-0.0222962 -95.35
-0.0223079 -95.4
-0.0223197 -95.45
-0.0223314 -95.5
-0.0223432 -95.55
-0.0223549 -95.6
-0.0223667 -95.65
-0.0223784 -95.7
-0.0223901 -95.75
-0.0224019 -95.8
-0.0224136 -95.85
-0.0224254 -95.9
-0.0224371 -95.95
-0.0224489 -96
-0.0224606 -96.05
-0.0224724 -96.1
-0.0224841 -96.15
-0.0224958 -96.2
-0.0225076 -96.25
-0.0225193 -96.3
-0.0225311 -96.35
-0.0225428 -96.4
-0.0225546 -96.45
-0.0225663 -96.5
-0.022578 -96.55
-0.0225898 -96.6
-0.0226015 -96.65
-0.0226133 -96.7
-0.022625 -96.75
-0.0226368 -96.8
-0.0226485 -96.85
-0.0226603 -96.9
-0.022672 -96.95
-0.0226838 -97
-0.0226955 -97.05
-0.0227072 -97.1
-0.022719 -97.15
-0.0227307 -97.2
-0.0227425 -97.25
-0.0227542 -97.3
-0.022766 -97.35
-0.0227777 -97.4
-0.0227895 -97.45
-0.0228012 -97.5
-0.022813 -97.55
-0.0228247 -97.6
-0.0228364 -97.65
-0.0228482 -97.7
-0.0228599 -97.75
-0.0228717 -97.8
-0.0228834 -97.85
-0.0228952 -97.9
-0.0229069 -97.95
-0.0229187 -98
-0.0229304 -98.05
-0.0229422 -98.1
-0.0229539 -98.15
-0.0229656 -98.2
-0.0229774 -98.25
-0.0229891 -98.3
-0.0230009 -98.35
-0.0230126 -98.4
-0.0230244 -98.45
-0.0230361 -98.5
-0.0230479 -98.55
-0.0230596 -98.6
-0.0230714 -98.65
-0.0230831 -98.7
-0.0230949 -98.75
-0.0231066 -98.8
-0.0231184 -98.85
-0.0231301 -98.9
-0.0231418 -98.95
-0.0231536 -99
-0.0231653 -99.05
-0.0231771 -99.1
-0.0231888 -99.15
-0.0232006 -99.2
-0.0232123 -99.25
-0.0232241 -99.3
-0.0232358 -99.35
-0.0232476 -99.4
-0.0232593 -99.45
-0.0232711 -99.5
-0.0232828 -99.55
-0.0232946 -99.6
-0.0233063 -99.65
-0.0233181 -99.7
-0.0233298 -99.75
-0.0233416 -99.8
-0.0233533 -99.85
-0.0233651 -99.9
-0.0233768 -99.95
-0.0233886 -100
-0.0234003 -100.05
-0.023412 -100.1
-0.0234238 -100.15
-0.0234355 -100.2
-0.0234473 -100.25
-0.023459 -100.3
-0.0234708 -100.35
-0.0234825 -100.4
-0.0234943 -100.45
-0.023506 -100.5
-0.0235178 -100.55
-0.0235295 -100.6
-0.0235413 -100.65
-0.023553 -100.7
-0.0235648 -100.75
-0.0235765 -100.8
-0.0235883 -100.85
-0.0236 -100.9
-0.0236118 -100.95
-0.0236235 -101
-0.0236353 -101.05
-0.023647 -101.1
-0.0236588 -101.15
-0.0236705 -101.2
-0.0236823 -101.25
-0.023694 -101.3
-0.0237058 -101.35
-0.0237175 -101.4
-0.0237293 -101.45
-0.023741 -101.5
-0.0237528 -101.55
-0.0237645 -101.6
-0.0237763 -101.65
-0.023788 -101.7
-0.0237998 -101.75
-0.0238115 -101.8
-0.0238233 -101.85
-0.023835 -101.9
-0.0238468 -101.95
-0.0238585 -102
-0.0238703 -102.05
-0.023882 -102.1
-0.0238938 -102.15
-0.0239055 -102.2
-0.0239173 -102.25
-0.023929 -102.3
-0.0239408 -102.35
-0.0239525 -102.4
-0.0239643 -102.45
-0.023976 -102.5
-0.0239878 -102.55
-0.0239995 -102.6
-0.0240113 -102.65
-0.024023 -102.7
-0.0240348 -102.75
-0.0240465 -102.8
-0.0240583 -102.85
-0.02407 -102.9
-0.0240818 -102.95
-0.0240935 -103
-0.0241053 -103.05
-0.024117 -103.1
-0.0241288 -103.15
-0.0241406 -103.2
-0.0241523 -103.25
-0.0241641 -103.3
-0.0241758 -103.35
-0.0241876 -103.4
-0.0241993 -103.45
-0.0242111 -103.5
-0.0242228 -103.55
-0.0242346 -103.6
-0.0242463 -103.65
-0.0242581 -103.7
-0.0242698 -103.75
-0.0242816 -103.8
-0.0242933 -103.85
-0.0243051 -103.9
-0.0243168 -103.95
-0.0243286 -104
-0.0243403 -104.05
-0.0243521 -104.1
-0.0243638 -104.15
-0.0243756 -104.2
-0.0243873 -104.25
-0.0243991 -104.3
-0.0244109 -104.35
-0.0244226 -104.4
-0.0244344 -104.45
-0.0244461 -104.5
-0.0244579 -104.55
-0.0244696 -104.6
-0.0244814 -104.65
-0.0244931 -104.7
-0.0245049 -104.75
-0.0245166 -104.8
-0.0245284 -104.85
-0.0245401 -104.9
-0.0245519 -104.95
-0.0245636 -105
-0.0245754 -105.05
-0.0245872 -105.1
-0.0245989 -105.15
-0.0246107 -105.2
-0.0246224 -105.25
-0.0246342 -105.3
-0.0246459 -105.35
-0.0246577 -105.4
-0.0246694 -105.45
-0.0246812 -105.5
-0.0246929 -105.55
-0.0247047 -105.6
-0.0247165 -105.65
-0.0247282 -105.7
-0.02474 -105.75
-0.0247517 -105.8
-0.0247635 -105.85
-0.0247752 -105.9
-0.024787 -105.95
-0.0247987 -106
-0.0248105 -106.05
-0.0248222 -106.1
-0.024834 -106.15
-0.0248458 -106.2
-0.0248575 -106.25
-0.0248693 -106.3
-0.024881 -106.35
-0.0248928 -106.4
-0.0249045 -106.45
-0.0249163 -106.5
-0.024928 -106.55
-0.0249398 -106.6
-0.0249515 -106.65
-0.0249633 -106.7
-0.0249751 -106.75
-0.0249868 -106.8
-0.0249986 -106.85
-0.0250103 -106.9
-0.0250221 -106.95
-0.0250338 -107
-0.0250456 -107.05
-0.0250573 -107.1
-0.0250691 -107.15
-0.0250809 -107.2
-0.0250926 -107.25
-0.0251044 -107.3
-0.0251161 -107.35
-0.0251279 -107.4
-0.0251396 -107.45
-0.0251514 -107.5
-0.0251632 -107.55
-0.0251749 -107.6
-0.0251867 -107.65
-0.0251984 -107.7
-0.0252102 -107.75
-0.0252219 -107.8
-0.0252337 -107.85
-0.0252455 -107.9
-0.0252572 -107.95
-0.025269 -108
-0.0252807 -108.05
-0.0252925 -108.1
-0.0253042 -108.15
-0.025316 -108.2
-0.0253278 -108.25
-0.0253395 -108.3
-0.0253513 -108.35
-0.025363 -108.4
-0.0253748 -108.45
-0.0253865 -108.5
-0.0253983 -108.55
-0.0254101 -108.6
-0.0254218 -108.65
-0.0254336 -108.7
-0.0254453 -108.75
-0.0254571 -108.8
-0.0254688 -108.85
-0.0254806 -108.9
-0.0254924 -108.95
-0.0255041 -109
-0.0255159 -109.05
-0.0255276 -109.1
-0.0255394 -109.15
-0.0255511 -109.2
-0.0255629 -109.25
-0.0255747 -109.3
-0.0255864 -109.35
-0.0255982 -109.4
-0.0256099 -109.45
-0.0256217 -109.5
-0.0256335 -109.55
-0.0256452 -109.6
-0.025657 -109.65
-0.0256687 -109.7
-0.0256805 -109.75
-0.0256922 -109.8
-0.025704 -109.85
-0.0257158 -109.9
-0.0257275 -109.95
-0.0257393 -110
-0.025751 -110.05
-0.0257628 -110.1
-0.0257746 -110.15
-0.0257863 -110.2
-0.0257981 -110.25
-0.0258098 -110.3
-0.0258216 -110.35
-0.0258334 -110.4
-0.0258451 -110.45
-0.0258569 -110.5
-0.0258686 -110.55
-0.0258804 -110.6
-0.0258922 -110.65
-0.0259039 -110.7
-0.0259157 -110.75
-0.0259274 -110.8
-0.0259392 -110.85
-0.025951 -110.9
-0.0259627 -110.95
-0.0259745 -111
-0.0259862 -111.05
-0.025998 -111.1
-0.0260098 -111.15
-0.0260215 -111.2
-0.0260333 -111.25
-0.026045 -111.3
-0.0260568 -111.35
-0.0260686 -111.4
-0.0260803 -111.45
-0.0260921 -111.5
-0.0261038 -111.55
-0.0261156 -111.6
-0.0261274 -111.65
-0.0261391 -111.7
-0.0261509 -111.75
-0.0261626 -111.8
-0.0261744 -111.85
-0.0261862 -111.9
-0.0261979 -111.95
-0.0262097 -112
-0.0262215 -112.05
-0.0262332 -112.1
-0.026245 -112.15
-0.0262567 -112.2
-0.0262685 -112.25
-0.0262803 -112.3
-0.026292 -112.35
-0.0263038 -112.4
-0.0263155 -112.45
-0.0263273 -112.5
-0.0263391 -112.55
-0.0263508 -112.6
-0.0263626 -112.65
-0.0263744 -112.7
-0.0263861 -112.75
-0.0263979 -112.8
-0.0264096 -112.85
-0.0264214 -112.9
-0.0264332 -112.95
-0.0264449 -113
-0.0264567 -113.05
-0.0264684 -113.1
-0.0264802 -113.15
-0.026492 -113.2
-0.0265037 -113.25
-0.0265155 -113.3
-0.0265273 -113.35
-0.026539 -113.4
-0.0265508 -113.45
-0.0265626 -113.5
-0.0265743 -113.55
-0.0265861 -113.6
-0.0265978 -113.65
-0.0266096 -113.7
-0.0266214 -113.75
-0.0266331 -113.8
-0.0266449 -113.85
-0.0266567 -113.9
-0.0266684 -113.95
-0.0266802 -114
-0.0266919 -114.05
-0.0267037 -114.1
-0.0267155 -114.15
-0.0267272 -114.2
-0.026739 -114.25
-0.0267508 -114.3
-0.0267625 -114.35
-0.0267743 -114.4
-0.0267861 -114.45
-0.0267978 -114.5
-0.0268096 -114.55
-0.0268213 -114.6
-0.0268331 -114.65
-0.0268449 -114.7
-0.0268566 -114.75
-0.0268684 -114.8
-0.0268802 -114.85
-0.0268919 -114.9
-0.0269037 -114.95
-0.0269155 -115
-0.0269272 -115.05
-0.026939 -115.1
-0.0269508 -115.15
-0.0269625 -115.2
-0.0269743 -115.25
-0.026986 -115.3
-0.0269978 -115.35
-0.0270096 -115.4
-0.0270213 -115.45
-0.0270331 -115.5
-0.0270449 -115.55
-0.0270566 -115.6
-0.0270684 -115.65
-0.0270802 -115.7
-0.0270919 -115.75
-0.0271037 -115.8
-0.0271155 -115.85
-0.0271272 -115.9
-0.027139 -115.95
-0.0271508 -116
-0.0271625 -116.05
-0.0271743 -116.1
-0.0271861 -116.15
-0.0271978 -116.2
-0.0272096 -116.25
-0.0272214 -116.3
-0.0272331 -116.35
-0.0272449 -116.4
-0.0272567 -116.45
-0.0272684 -116.5
-0.0272802 -116.55
-0.0272919 -116.6
-0.0273037 -116.65
-0.0273155 -116.7
-0.0273272 -116.75
-0.027339 -116.8
-0.0273508 -116.85
-0.0273625 -116.9
-0.0273743 -116.95
-0.0273861 -117
-0.0273978 -117.05
-0.0274096 -117.1
-0.0274214 -117.15
-0.0274331 -117.2
-0.0274449 -117.25
-0.0274567 -117.3
-0.0274684 -117.35
-0.0274802 -117.4
-0.027492 -117.45
-0.0275037 -117.5
-0.0275155 -117.55
-0.0275273 -117.6
-0.0275391 -117.65
-0.0275508 -117.7
-0.0275626 -117.75
-0.0275744 -117.8
-0.0275861 -117.85
-0.0275979 -117.9
-0.0276097 -117.95
-0.0276214 -118
-0.0276332 -118.05
-0.027645 -118.1
-0.0276567 -118.15
-0.0276685 -118.2
-0.0276803 -118.25
-0.027692 -118.3
-0.0277038 -118.35
-0.0277156 -118.4
-0.0277273 -118.45
-0.0277391 -118.5
-0.0277509 -118.55
-0.0277626 -118.6
-0.0277744 -118.65
-0.0277862 -118.7
-0.0277979 -118.75
-0.0278097 -118.8
-0.0278215 -118.85
-0.0278332 -118.9
-0.027845 -118.95
-0.0278568 -119
-0.0278686 -119.05
-0.0278803 -119.1
-0.0278921 -119.15
-0.0279039 -119.2
-0.0279156 -119.25
-0.0279274 -119.3
-0.0279392 -119.35
-0.0279509 -119.4
-0.0279627 -119.45
-0.0279745 -119.5
-0.0279862 -119.55
-0.027998 -119.6
-0.0280098 -119.65
-0.0280216 -119.7
-0.0280333 -119.75
-0.0280451 -119.8
-0.0280569 -119.85
-0.0280686 -119.9
-0.0280804 -119.95
-0.0280922 -120
-0.0281039 -120.05
-0.0281157 -120.1
-0.0281275 -120.15
-0.0281393 -120.2
-0.028151 -120.25
-0.0281628 -120.3
-0.0281746 -120.35
-0.0281863 -120.4
-0.0281981 -120.45
-0.0282099 -120.5
-0.0282216 -120.55
-0.0282334 -120.6
-0.0282452 -120.65
-0.028257 -120.7
-0.0282687 -120.75
-0.0282805 -120.8
-0.0282923 -120.85
-0.028304 -120.9
-0.0283158 -120.95
-0.0283276 -121
-0.0283394 -121.05
-0.0283511 -121.1
-0.0283629 -121.15
-0.0283747 -121.2
-0.0283864 -121.25
-0.0283982 -121.3
-0.02841 -121.35
-0.0284217 -121.4
-0.0284335 -121.45
-0.0284453 -121.5
-0.0284571 -121.55
-0.0284688 -121.6
-0.0284806 -121.65
-0.0284924 -121.7
-0.0285041 -121.75
-0.0285159 -121.8
-0.0285277 -121.85
-0.0285395 -121.9
-0.0285512 -121.95
-0.028563 -122
-0.0285748 -122.05
-0.0285866 -122.1
-0.0285983 -122.15
-0.0286101 -122.2
-0.0286219 -122.25
-0.0286336 -122.3
-0.0286454 -122.35
-0.0286572 -122.4
-0.028669 -122.45
-0.0286807 -122.5
-0.0286925 -122.55
-0.0287043 -122.6
-0.028716 -122.65
-0.0287278 -122.7
-0.0287396 -122.75
-0.0287514 -122.8
-0.0287631 -122.85
-0.0287749 -122.9
-0.0287867 -122.95
-0.0287985 -123
-0.0288102 -123.05
-0.028822 -123.1
-0.0288338 -123.15
-0.0288456 -123.2
-0.0288573 -123.25
-0.0288691 -123.3
-0.0288809 -123.35
-0.0288926 -123.4
-0.0289044 -123.45
-0.0289162 -123.5
-0.028928 -123.55
-0.0289397 -123.6
-0.0289515 -123.65
-0.0289633 -123.7
-0.0289751 -123.75
-0.0289868 -123.8
-0.0289986 -123.85
-0.0290104 -123.9
-0.0290222 -123.95
-0.0290339 -124
-0.0290457 -124.05
-0.0290575 -124.1
-0.0290693 -124.15
-0.029081 -124.2
-0.0290928 -124.25
-0.0291046 -124.3
-0.0291164 -124.35
-0.0291281 -124.4
-0.0291399 -124.45
-0.0291517 -124.5
-0.0291635 -124.55
-0.0291752 -124.6
-0.029187 -124.65
-0.0291988 -124.7
-0.0292105 -124.75
-0.0292223 -124.8
-0.0292341 -124.85
-0.0292459 -124.9
-0.0292576 -124.95
-0.0292694 -125
-0.0292812 -125.05
-0.029293 -125.1
-0.0293048 -125.15
-0.0293165 -125.2
-0.0293283 -125.25
-0.0293401 -125.3
-0.0293519 -125.35
-0.0293636 -125.4
-0.0293754 -125.45
-0.0293872 -125.5
-0.029399 -125.55
-0.0294107 -125.6
-0.0294225 -125.65
-0.0294343 -125.7
-0.0294461 -125.75
-0.0294578 -125.8
-0.0294696 -125.85
-0.0294814 -125.9
-0.0294932 -125.95
-0.0295049 -126
-0.0295167 -126.05
-0.0295285 -126.1
-0.0295403 -126.15
-0.029552 -126.2
-0.0295638 -126.25
-0.0295756 -126.3
-0.0295874 -126.35
-0.0295992 -126.4
-0.0296109 -126.45
-0.0296227 -126.5
-0.0296345 -126.55
-0.0296463 -126.6
-0.029658 -126.65
-0.0296698 -126.7
-0.0296816 -126.75
-0.0296934 -126.8
-0.0297051 -126.85
-0.0297169 -126.9
-0.0297287 -126.95
-0.0297405 -127
-0.0297523 -127.05
-0.029764 -127.1
-0.0297758 -127.15
-0.0297876 -127.2
-0.0297994 -127.25
-0.0298111 -127.3
-0.0298229 -127.35
-0.0298347 -127.4
-0.0298465 -127.45
-0.0298583 -127.5
-0.02987 -127.55
-0.0298818 -127.6
-0.0298936 -127.65
-0.0299054 -127.7
-0.0299171 -127.75
-0.0299289 -127.8
-0.0299407 -127.85
-0.0299525 -127.9
-0.0299643 -127.95
-0.029976 -128
-0.0299878 -128.05
-0.0299996 -128.1
-0.0300114 -128.15
-0.0300231 -128.2
-0.0300349 -128.25
-0.0300467 -128.3
-0.0300585 -128.35
-0.0300703 -128.4
-0.030082 -128.45
-0.0300938 -128.5
-0.0301056 -128.55
-0.0301174 -128.6
-0.0301292 -128.65
-0.0301409 -128.7
-0.0301527 -128.75
-0.0301645 -128.8
-0.0301763 -128.85
-0.0301881 -128.9
-0.0301998 -128.95
-0.0302116 -129
-0.0302234 -129.05
-0.0302352 -129.1
-0.030247 -129.15
-0.0302587 -129.2
-0.0302705 -129.25
-0.0302823 -129.3
-0.0302941 -129.35
-0.0303059 -129.4
-0.0303176 -129.45
-0.0303294 -129.5
-0.0303412 -129.55
-0.030353 -129.6
-0.0303648 -129.65
-0.0303765 -129.7
-0.0303883 -129.75
-0.0304001 -129.8
-0.0304119 -129.85
-0.0304237 -129.9
-0.0304354 -129.95
-0.0304472 -130
-0.030459 -130.05
-0.0304708 -130.1
-0.0304826 -130.15
-0.0304943 -130.2
-0.0305061 -130.25
-0.0305179 -130.3
-0.0305297 -130.35
-0.0305415 -130.4
-0.0305532 -130.45
-0.030565 -130.5
-0.0305768 -130.55
-0.0305886 -130.6
-0.0306004 -130.65
-0.0306121 -130.7
-0.0306239 -130.75
-0.0306357 -130.8
-0.0306475 -130.85
-0.0306593 -130.9
-0.0306711 -130.95
-0.0306828 -131
-0.0306946 -131.05
-0.0307064 -131.1
-0.0307182 -131.15
-0.03073 -131.2
-0.0307417 -131.25
-0.0307535 -131.3
-0.0307653 -131.35
-0.0307771 -131.4
-0.0307889 -131.45
-0.0308007 -131.5
-0.0308124 -131.55
-0.0308242 -131.6
-0.030836 -131.65
-0.0308478 -131.7
-0.0308596 -131.75
-0.0308714 -131.8
-0.0308831 -131.85
-0.0308949 -131.9
-0.0309067 -131.95
-0.0309185 -132
-0.0309303 -132.05
-0.030942 -132.1
-0.0309538 -132.15
-0.0309656 -132.2
-0.0309774 -132.25
-0.0309892 -132.3
-0.031001 -132.35
-0.0310127 -132.4
-0.0310245 -132.45
-0.0310363 -132.5
-0.0310481 -132.55
-0.0310599 -132.6
-0.0310717 -132.65
-0.0310834 -132.7
-0.0310952 -132.75
-0.031107 -132.8
-0.0311188 -132.85
-0.0311306 -132.9
-0.0311424 -132.95
-0.0311541 -133
-0.0311659 -133.05
-0.0311777 -133.1
-0.0311895 -133.15
-0.0312013 -133.2
-0.0312131 -133.25
-0.0312249 -133.3
-0.0312366 -133.35
-0.0312484 -133.4
-0.0312602 -133.45
-0.031272 -133.5
-0.0312838 -133.55
-0.0312956 -133.6
-0.0313073 -133.65
-0.0313191 -133.7
-0.0313309 -133.75
-0.0313427 -133.8
-0.0313545 -133.85
-0.0313663 -133.9
-0.0313781 -133.95
-0.0313898 -134
-0.0314016 -134.05
-0.0314134 -134.1
-0.0314252 -134.15
-0.031437 -134.2
-0.0314488 -134.25
-0.0314605 -134.3
-0.0314723 -134.35
-0.0314841 -134.4
-0.0314959 -134.45
-0.0315077 -134.5
-0.0315195 -134.55
-0.0315313 -134.6
-0.031543 -134.65
-0.0315548 -134.7
-0.0315666 -134.75
-0.0315784 -134.8
-0.0315902 -134.85
-0.031602 -134.9
-0.0316138 -134.95
-0.0316255 -135
-0.0316373 -135.05
-0.0316491 -135.1
-0.0316609 -135.15
-0.0316727 -135.2
-0.0316845 -135.25
-0.0316963 -135.3
-0.031708 -135.35
-0.0317198 -135.4
-0.0317316 -135.45
-0.0317434 -135.5
-0.0317552 -135.55
-0.031767 -135.6
-0.0317788 -135.65
-0.0317906 -135.7
-0.0318023 -135.75
-0.0318141 -135.8
-0.0318259 -135.85
-0.0318377 -135.9
-0.0318495 -135.95
-0.0318613 -136
-0.0318731 -136.05
-0.0318848 -136.1
-0.0318966 -136.15
-0.0319084 -136.2
-0.0319202 -136.25
-0.031932 -136.3
-0.0319438 -136.35
-0.0319556 -136.4
-0.0319674 -136.45
-0.0319791 -136.5
-0.0319909 -136.55
-0.0320027 -136.6
-0.0320145 -136.65
-0.0320263 -136.7
-0.0320381 -136.75
-0.0320499 -136.8
-0.0320617 -136.85
-0.0320735 -136.9
-0.0320852 -136.95
-0.032097 -137
-0.0321088 -137.05
-0.0321206 -137.1
-0.0321324 -137.15
-0.0321442 -137.2
-0.032156 -137.25
-0.0321678 -137.3
-0.0321795 -137.35
-0.0321913 -137.4
-0.0322031 -137.45
-0.0322149 -137.5
-0.0322267 -137.55
-0.0322385 -137.6
-0.0322503 -137.65
-0.0322621 -137.7
-0.0322739 -137.75
-0.0322856 -137.8
-0.0322974 -137.85
-0.0323092 -137.9
-0.032321 -137.95
-0.0323328 -138
-0.0323446 -138.05
-0.0323564 -138.1
-0.0323682 -138.15
-0.03238 -138.2
-0.0323917 -138.25
-0.0324035 -138.3
-0.0324153 -138.35
-0.0324271 -138.4
-0.0324389 -138.45
-0.0324507 -138.5
-0.0324625 -138.55
-0.0324743 -138.6
-0.0324861 -138.65
-0.0324979 -138.7
-0.0325096 -138.75
-0.0325214 -138.8
-0.0325332 -138.85
-0.032545 -138.9
-0.0325568 -138.95
-0.0325686 -139
-0.0325804 -139.05
-0.0325922 -139.1
-0.032604 -139.15
-0.0326158 -139.2
-0.0326275 -139.25
-0.0326393 -139.3
-0.0326511 -139.35
-0.0326629 -139.4
-0.0326747 -139.45
-0.0326865 -139.5
-0.0326983 -139.55
-0.0327101 -139.6
-0.0327219 -139.65
-0.0327337 -139.7
-0.0327455 -139.75
-0.0327572 -139.8
-0.032769 -139.85
-0.0327808 -139.9
-0.0327926 -139.95
-0.0328044 -140
-0.0328162 -140.05
-0.032828 -140.1
-0.0328398 -140.15
-0.0328516 -140.2
-0.0328634 -140.25
-0.0328752 -140.3
-0.032887 -140.35
-0.0328987 -140.4
-0.0329105 -140.45
-0.0329223 -140.5
-0.0329341 -140.55
-0.0329459 -140.6
-0.0329577 -140.65
-0.0329695 -140.7
-0.0329813 -140.75
-0.0329931 -140.8
-0.0330049 -140.85
-0.0330167 -140.9
-0.0330285 -140.95
-0.0330403 -141
-0.033052 -141.05
-0.0330638 -141.1
-0.0330756 -141.15
-0.0330874 -141.2
-0.0330992 -141.25
-0.033111 -141.3
-0.0331228 -141.35
-0.0331346 -141.4
-0.0331464 -141.45
-0.0331582 -141.5
-0.03317 -141.55
-0.0331818 -141.6
-0.0331936 -141.65
-0.0332053 -141.7
-0.0332171 -141.75
-0.0332289 -141.8
-0.0332407 -141.85
-0.0332525 -141.9
-0.0332643 -141.95
-0.0332761 -142
-0.0332879 -142.05
-0.0332997 -142.1
-0.0333115 -142.15
-0.0333233 -142.2
-0.0333351 -142.25
-0.0333469 -142.3
-0.0333587 -142.35
-0.0333705 -142.4
-0.0333823 -142.45
-0.033394 -142.5
-0.0334058 -142.55
-0.0334176 -142.6
-0.0334294 -142.65
-0.0334412 -142.7
-0.033453 -142.75
-0.0334648 -142.8
-0.0334766 -142.85
-0.0334884 -142.9
-0.0335002 -142.95
-0.033512 -143
-0.0335238 -143.05
-0.0335356 -143.1
-0.0335474 -143.15
-0.0335592 -143.2
-0.033571 -143.25
-0.0335828 -143.3
-0.0335946 -143.35
-0.0336063 -143.4
-0.0336181 -143.45
-0.0336299 -143.5
-0.0336417 -143.55
-0.0336535 -143.6
-0.0336653 -143.65
-0.0336771 -143.7
-0.0336889 -143.75
-0.0337007 -143.8
-0.0337125 -143.85
-0.0337243 -143.9
-0.0337361 -143.95
-0.0337479 -144
-0.0337597 -144.05
-0.0337715 -144.1
-0.0337833 -144.15
-0.0337951 -144.2
-0.0338069 -144.25
-0.0338187 -144.3
-0.0338305 -144.35
-0.0338423 -144.4
-0.0338541 -144.45
-0.0338659 -144.5
-0.0338776 -144.55
-0.0338894 -144.6
-0.0339012 -144.65
-0.033913 -144.7
-0.0339248 -144.75
-0.0339366 -144.8
-0.0339484 -144.85
-0.0339602 -144.9
-0.033972 -144.95
-0.0339838 -145
-0.0339956 -145.05
-0.0340074 -145.1
-0.0340192 -145.15
-0.034031 -145.2
-0.0340428 -145.25
-0.0340546 -145.3
-0.0340664 -145.35
-0.0340782 -145.4
-0.03409 -145.45
-0.0341018 -145.5
-0.0341136 -145.55
-0.0341254 -145.6
-0.0341372 -145.65
-0.034149 -145.7
-0.0341608 -145.75
-0.0341726 -145.8
-0.0341844 -145.85
-0.0341962 -145.9
-0.034208 -145.95
-0.0342198 -146
-0.0342316 -146.05
-0.0342434 -146.1
-0.0342552 -146.15
-0.034267 -146.2
-0.0342788 -146.25
-0.0342906 -146.3
-0.0343023 -146.35
-0.0343141 -146.4
-0.0343259 -146.45
-0.0343377 -146.5
-0.0343495 -146.55
-0.0343613 -146.6
-0.0343731 -146.65
-0.0343849 -146.7
-0.0343967 -146.75
-0.0344085 -146.8
-0.0344203 -146.85
-0.0344321 -146.9
-0.0344439 -146.95
-0.0344557 -147
-0.0344675 -147.05
-0.0344793 -147.1
-0.0344911 -147.15
-0.0345029 -147.2
-0.0345147 -147.25
-0.0345265 -147.3
-0.0345383 -147.35
-0.0345501 -147.4
-0.0345619 -147.45
-0.0345737 -147.5
-0.0345855 -147.55
-0.0345973 -147.6
-0.0346091 -147.65
-0.0346209 -147.7
-0.0346327 -147.75
-0.0346445 -147.8
-0.0346563 -147.85
-0.0346681 -147.9
-0.0346799 -147.95
-0.0346917 -148
-0.0347035 -148.05
-0.0347153 -148.1
-0.0347271 -148.15
-0.0347389 -148.2
-0.0347507 -148.25
-0.0347625 -148.3
-0.0347743 -148.35
-0.0347861 -148.4
-0.0347979 -148.45
-0.0348097 -148.5
-0.0348215 -148.55
-0.0348333 -148.6
-0.0348451 -148.65
-0.0348569 -148.7
-0.0348687 -148.75
-0.0348805 -148.8
-0.0348923 -148.85
-0.0349041 -148.9
-0.0349159 -148.95
-0.0349277 -149
-0.0349395 -149.05
-0.0349513 -149.1
-0.0349631 -149.15
-0.0349749 -149.2
-0.0349867 -149.25
-0.0349985 -149.3
-0.0350103 -149.35
-0.0350221 -149.4
-0.0350339 -149.45
-0.0350457 -149.5
-0.0350575 -149.55
-0.0350693 -149.6
-0.0350811 -149.65
-0.0350929 -149.7
-0.0351048 -149.75
-0.0351166 -149.8
-0.0351284 -149.85
-0.0351402 -149.9
-0.035152 -149.95
-0.0351638 -150
-0.0351756 -150.05
-0.0351874 -150.1
-0.0351992 -150.15
-0.035211 -150.2
-0.0352228 -150.25
-0.0352346 -150.3
-0.0352464 -150.35
-0.0352582 -150.4
-0.03527 -150.45
-0.0352818 -150.5
-0.0352936 -150.55
-0.0353054 -150.6
-0.0353172 -150.65
-0.035329 -150.7
-0.0353408 -150.75
-0.0353526 -150.8
-0.0353644 -150.85
-0.0353762 -150.9
-0.035388 -150.95
-0.0353998 -151
-0.0354116 -151.05
-0.0354234 -151.1
-0.0354352 -151.15
-0.035447 -151.2
-0.0354588 -151.25
-0.0354706 -151.3
-0.0354824 -151.35
-0.0354942 -151.4
-0.035506 -151.45
-0.0355178 -151.5
-0.0355297 -151.55
-0.0355415 -151.6
-0.0355533 -151.65
-0.0355651 -151.7
-0.0355769 -151.75
-0.0355887 -151.8
-0.0356005 -151.85
-0.0356123 -151.9
-0.0356241 -151.95
-0.0356359 -152
-0.0356477 -152.05
-0.0356595 -152.1
-0.0356713 -152.15
-0.0356831 -152.2
-0.0356949 -152.25
-0.0357067 -152.3
-0.0357185 -152.35
-0.0357303 -152.4
-0.0357421 -152.45
-0.0357539 -152.5
-0.0357657 -152.55
-0.0357775 -152.6
-0.0357893 -152.65
-0.0358012 -152.7
-0.035813 -152.75
-0.0358248 -152.8
-0.0358366 -152.85
-0.0358484 -152.9
-0.0358602 -152.95
-0.035872 -153
-0.0358838 -153.05
-0.0358956 -153.1
-0.0359074 -153.15
-0.0359192 -153.2
-0.035931 -153.25
-0.0359428 -153.3
-0.0359546 -153.35
-0.0359664 -153.4
-0.0359782 -153.45
-0.03599 -153.5
-0.0360018 -153.55
-0.0360137 -153.6
-0.0360255 -153.65
-0.0360373 -153.7
-0.0360491 -153.75
-0.0360609 -153.8
-0.0360727 -153.85
-0.0360845 -153.9
-0.0360963 -153.95
-0.0361081 -154
-0.0361199 -154.05
-0.0361317 -154.1
-0.0361435 -154.15
-0.0361553 -154.2
-0.0361671 -154.25
-0.0361789 -154.3
-0.0361907 -154.35
-0.0362026 -154.4
-0.0362144 -154.45
-0.0362262 -154.5
-0.036238 -154.55
-0.0362498 -154.6
-0.0362616 -154.65
-0.0362734 -154.7
-0.0362852 -154.75
-0.036297 -154.8
-0.0363088 -154.85
-0.0363206 -154.9
-0.0363324 -154.95
-0.0363442 -155
-0.0363561 -155.05
-0.0363679 -155.1
-0.0363797 -155.15
-0.0363915 -155.2
-0.0364033 -155.25
-0.0364151 -155.3
-0.0364269 -155.35
-0.0364387 -155.4
-0.0364505 -155.45
-0.0364623 -155.5
-0.0364741 -155.55
-0.0364859 -155.6
-0.0364977 -155.65
-0.0365096 -155.7
-0.0365214 -155.75
-0.0365332 -155.8
-0.036545 -155.85
-0.0365568 -155.9
-0.0365686 -155.95
-0.0365804 -156
-0.0365922 -156.05
-0.036604 -156.1
-0.0366158 -156.15
-0.0366276 -156.2
-0.0366394 -156.25
-0.0366513 -156.3
-0.0366631 -156.35
-0.0366749 -156.4
-0.0366867 -156.45
-0.0366985 -156.5
-0.0367103 -156.55
-0.0367221 -156.6
-0.0367339 -156.65
-0.0367457 -156.7
-0.0367575 -156.75
-0.0367693 -156.8
-0.0367812 -156.85
-0.036793 -156.9
-0.0368048 -156.95
-0.0368166 -157
-0.0368284 -157.05
-0.0368402 -157.1
-0.036852 -157.15
-0.0368638 -157.2
-0.0368756 -157.25
-0.0368874 -157.3
-0.0368993 -157.35
-0.0369111 -157.4
-0.0369229 -157.45
-0.0369347 -157.5
-0.0369465 -157.55
-0.0369583 -157.6
-0.0369701 -157.65
-0.0369819 -157.7
-0.0369937 -157.75
-0.0370055 -157.8
-0.0370174 -157.85
-0.0370292 -157.9
-0.037041 -157.95
-0.0370528 -158
-0.0370646 -158.05
-0.0370764 -158.1
-0.0370882 -158.15
-0.0371 -158.2
-0.0371118 -158.25
-0.0371237 -158.3
-0.0371355 -158.35
-0.0371473 -158.4
-0.0371591 -158.45
-0.0371709 -158.5
-0.0371827 -158.55
-0.0371945 -158.6
-0.0372063 -158.65
-0.0372181 -158.7
-0.03723 -158.75
-0.0372418 -158.8
-0.0372536 -158.85
-0.0372654 -158.9
-0.0372772 -158.95
-0.037289 -159
-0.0373008 -159.05
-0.0373126 -159.1
-0.0373245 -159.15
-0.0373363 -159.2
-0.0373481 -159.25
-0.0373599 -159.3
-0.0373717 -159.35
-0.0373835 -159.4
-0.0373953 -159.45
-0.0374071 -159.5
-0.0374189 -159.55
-0.0374308 -159.6
-0.0374426 -159.65
-0.0374544 -159.7
-0.0374662 -159.75
-0.037478 -159.8
-0.0374898 -159.85
-0.0375016 -159.9
-0.0375134 -159.95
-0.0375253 -160
-0.0375371 -160.05
-0.0375489 -160.1
-0.0375607 -160.15
-0.0375725 -160.2
-0.0375843 -160.25
-0.0375961 -160.3
-0.037608 -160.35
-0.0376198 -160.4
-0.0376316 -160.45
-0.0376434 -160.5
-0.0376601 -160.55
-0.0377024 -160.6
-0.0377447 -160.65
-0.037787 -160.7
-0.0378293 -160.75
-0.0378716 -160.8
-0.0379139 -160.85
-0.0379562 -160.9
-0.0379985 -160.95
-0.0380408 -161
-0.0380831 -161.05
-0.0381254 -161.1
-0.0381677 -161.15
-0.0382099 -161.2
-0.0382522 -161.25
-0.0382945 -161.3
-0.0383368 -161.35
-0.0383791 -161.4
-0.0384214 -161.45
-0.0384637 -161.5
-0.038506 -161.55
-0.0385483 -161.6
-0.0385906 -161.65
-0.0386329 -161.7
-0.0386752 -161.75
-0.0387175 -161.8
-0.0387599 -161.85
-0.0388022 -161.9
-0.0388445 -161.95
-0.0388868 -162
-0.0389291 -162.05
-0.0389714 -162.1
-0.0390137 -162.15
-0.039056 -162.2
-0.0390983 -162.25
-0.0391406 -162.3
-0.0391829 -162.35
-0.0392252 -162.4
-0.0392676 -162.45
-0.0393099 -162.5
-0.0393522 -162.55
-0.0393945 -162.6
-0.0394368 -162.65
-0.0394791 -162.7
-0.0395214 -162.75
-0.0395638 -162.8
-0.0396061 -162.85
-0.0396484 -162.9
-0.0396907 -162.95
-0.039733 -163
-0.0397754 -163.05
-0.0398177 -163.1
-0.03986 -163.15
-0.0399023 -163.2
-0.0399446 -163.25
-0.039987 -163.3
-0.0400293 -163.35
-0.0400716 -163.4
-0.0401139 -163.45
-0.0401563 -163.5
-0.0401986 -163.55
-0.0402409 -163.6
-0.0402832 -163.65
-0.0403256 -163.7
-0.0403679 -163.75
-0.0404102 -163.8
-0.0404526 -163.85
-0.0404949 -163.9
-0.0405372 -163.95
-0.0405795 -164
-0.0406219 -164.05
-0.0406642 -164.1
-0.0407065 -164.15
-0.0407489 -164.2
-0.0407912 -164.25
-0.0408336 -164.3
-0.0408759 -164.35
-0.0409182 -164.4
-0.0409606 -164.45
-0.0410029 -164.5
-0.0410452 -164.55
-0.0410876 -164.6
-0.0411299 -164.65
-0.0411723 -164.7
-0.0412146 -164.75
-0.0412569 -164.8
-0.0412993 -164.85
-0.0413416 -164.9
-0.041384 -164.95
-0.0414263 -165
-0.0414687 -165.05
-0.041511 -165.1
-0.0415534 -165.15
-0.0415957 -165.2
-0.0416381 -165.25
-0.0416804 -165.3
-0.0417227 -165.35
-0.0417651 -165.4
-0.0418074 -165.45
-0.0418498 -165.5
-0.0418922 -165.55
-0.0419345 -165.6
-0.0419769 -165.65
-0.0420192 -165.7
-0.0420616 -165.75
-0.0421039 -165.8
-0.0421463 -165.85
-0.0421886 -165.9
-0.042231 -165.95
-0.0422733 -166
-0.0423157 -166.05
-0.0423581 -166.1
-0.0424004 -166.15
-0.0424428 -166.2
-0.0424851 -166.25
-0.0425275 -166.3
-0.0425699 -166.35
-0.0426122 -166.4
-0.0426546 -166.45
-0.0426969 -166.5
-0.0427393 -166.55
-0.0427817 -166.6
-0.042824 -166.65
-0.0428664 -166.7
-0.0429088 -166.75
-0.0429511 -166.8
-0.0429935 -166.85
-0.0430359 -166.9
-0.0430782 -166.95
-0.0431206 -167
-0.043163 -167.05
-0.0432054 -167.1
-0.0432477 -167.15
-0.0432901 -167.2
-0.0433325 -167.25
-0.0433748 -167.3
-0.0434172 -167.35
-0.0434596 -167.4
-0.043502 -167.45
-0.0435443 -167.5
-0.0435867 -167.55
-0.0436291 -167.6
-0.0436715 -167.65
-0.0437139 -167.7
-0.0437562 -167.75
-0.0437986 -167.8
-0.043841 -167.85
-0.0438834 -167.9
-0.0439258 -167.95
-0.0439681 -168
-0.0440105 -168.05
-0.0440529 -168.1
-0.0440953 -168.15
-0.0441377 -168.2
-0.0441801 -168.25
-0.0442224 -168.3
-0.0442648 -168.35
-0.0443072 -168.4
-0.0443496 -168.45
-0.044392 -168.5
-0.0444344 -168.55
-0.0444768 -168.6
-0.0445192 -168.65
-0.0445615 -168.7
-0.0446039 -168.75
-0.0446463 -168.8
-0.0446887 -168.85
-0.0447311 -168.9
-0.0447735 -168.95
-0.0448159 -169
-0.0448583 -169.05
-0.0449007 -169.1
-0.0449431 -169.15
-0.0449855 -169.2
-0.0450279 -169.25
-0.0450703 -169.3
-0.0451127 -169.35
-0.0451551 -169.4
-0.0451975 -169.45
-0.0452399 -169.5
-0.0452823 -169.55
-0.0453247 -169.6
-0.0453671 -169.65
-0.0454095 -169.7
-0.0454519 -169.75
-0.0454943 -169.8
-0.0455367 -169.85
-0.0455791 -169.9
-0.0456215 -169.95
-0.0456639 -170
-0.0457063 -170.05
-0.0457487 -170.1
-0.0457911 -170.15
-0.0458335 -170.2
-0.0458759 -170.25
-0.0459184 -170.3
-0.0459608 -170.35
-0.0460032 -170.4
-0.0460456 -170.45
-0.046088 -170.5
-0.0461304 -170.55
-0.0461728 -170.6
-0.0462152 -170.65
-0.0462577 -170.7
-0.0463001 -170.75
-0.0463425 -170.8
-0.0463849 -170.85
-0.0464273 -170.9
-0.0464697 -170.95
-0.0465122 -171
-0.0465546 -171.05
-0.046597 -171.1
-0.0466394 -171.15
-0.0466818 -171.2
-0.0467243 -171.25
-0.0467667 -171.3
-0.0468091 -171.35
-0.0468515 -171.4
-0.046894 -171.45
-0.0469364 -171.5
-0.0469788 -171.55
-0.0470212 -171.6
-0.0470637 -171.65
-0.0471061 -171.7
-0.0471485 -171.75
-0.0471909 -171.8
-0.0472334 -171.85
-0.0472758 -171.9
-0.0473182 -171.95
-0.0473607 -172
-0.0474031 -172.05
-0.0474455 -172.1
-0.0474879 -172.15
-0.0475304 -172.2
-0.0475728 -172.25
-0.0476152 -172.3
-0.0476577 -172.35
-0.0477001 -172.4
-0.0477426 -172.45
-0.047785 -172.5
-0.0478274 -172.55
-0.0478699 -172.6
-0.0479123 -172.65
-0.0479547 -172.7
-0.0479972 -172.75
-0.0480396 -172.8
-0.0480821 -172.85
-0.0481245 -172.9
-0.0481669 -172.95
-0.0482094 -173
-0.0482518 -173.05
-0.0482943 -173.1
-0.0483367 -173.15
-0.0483792 -173.2
-0.0484216 -173.25
-0.048464 -173.3
-0.0485065 -173.35
-0.0485489 -173.4
-0.0485914 -173.45
-0.0486338 -173.5
-0.0486763 -173.55
-0.0487187 -173.6
-0.0487612 -173.65
-0.0488036 -173.7
-0.0488461 -173.75
-0.0488885 -173.8
-0.048931 -173.85
-0.0489734 -173.9
-0.0490159 -173.95
-0.0490584 -174
-0.0491008 -174.05
-0.0491433 -174.1
-0.0491857 -174.15
-0.0492282 -174.2
-0.0492706 -174.25
-0.0493131 -174.3
-0.0493555 -174.35
-0.049398 -174.4
-0.0494405 -174.45
-0.0494829 -174.5
-0.0495254 -174.55
-0.0495678 -174.6
-0.0496103 -174.65
-0.0496528 -174.7
-0.0496952 -174.75
-0.0497377 -174.8
-0.0497802 -174.85
-0.0498226 -174.9
-0.0498651 -174.95
-0.0499076 -175
-0.04995 -175.05
-0.0499925 -175.1
-0.050035 -175.15
-0.0500774 -175.2
-0.0501199 -175.25
-0.0501624 -175.3
-0.0502048 -175.35
-0.0502473 -175.4
-0.0502898 -175.45
-0.0503322 -175.5
-0.0503747 -175.55
-0.0504172 -175.6
-0.0504597 -175.65
-0.0505021 -175.7
-0.0505446 -175.75
-0.0505871 -175.8
-0.0506296 -175.85
-0.050672 -175.9
-0.0507145 -175.95
-0.050757 -176
-0.0507995 -176.05
-0.0508419 -176.1
-0.0508844 -176.15
-0.0509269 -176.2
-0.0509694 -176.25
-0.0510119 -176.3
-0.0510543 -176.35
-0.0510968 -176.4
-0.0511393 -176.45
-0.0511818 -176.5
-0.0512243 -176.55
-0.0512668 -176.6
-0.0513092 -176.65
-0.0513517 -176.7
-0.0513942 -176.75
-0.0514367 -176.8
-0.0514792 -176.85
-0.0515217 -176.9
-0.0515642 -176.95
-0.0516067 -177
-0.0516491 -177.05
-0.0516916 -177.1
-0.0517341 -177.15
-0.0517766 -177.2
-0.0518191 -177.25
-0.0518616 -177.3
-0.0519041 -177.35
-0.0519466 -177.4
-0.0519891 -177.45
-0.0520316 -177.5
-0.0520741 -177.55
-0.0521166 -177.6
-0.0521591 -177.65
-0.0522016 -177.7
-0.0522441 -177.75
-0.0522866 -177.8
-0.0523291 -177.85
-0.0523716 -177.9
-0.0524141 -177.95
-0.0524566 -178
-0.0524991 -178.05
-0.0525416 -178.1
-0.0525841 -178.15
-0.0526266 -178.2
-0.0526691 -178.25
-0.0527116 -178.3
-0.0527541 -178.35
-0.0527966 -178.4
-0.0528391 -178.45
-0.0528816 -178.5
-0.0529241 -178.55
-0.0529666 -178.6
-0.0530091 -178.65
-0.0530516 -178.7
-0.0530941 -178.75
-0.0531366 -178.8
-0.0531791 -178.85
-0.0532217 -178.9
-0.0532642 -178.95
-0.0533067 -179
-0.0533492 -179.05
-0.0533917 -179.1
-0.0534342 -179.15
-0.0534767 -179.2
-0.0535192 -179.25
-0.0535618 -179.3
-0.0536043 -179.35
-0.0536468 -179.4
-0.0536893 -179.45
-0.0537318 -179.5
-0.0537743 -179.55
-0.0538169 -179.6
-0.0538594 -179.65
-0.0539019 -179.7
-0.0539444 -179.75
-0.0539869 -179.8
-0.0540295 -179.85
-0.054072 -179.9
-0.0541145 -179.95
-0.054157 -180
-0.0541995 -180.05
-0.0542421 -180.1
-0.0542846 -180.15
-0.0543271 -180.2
-0.0543696 -180.25
-0.0544122 -180.3
-0.0544547 -180.35
-0.0544972 -180.4
-0.0545398 -180.45
-0.0545823 -180.5
-0.0546248 -180.55
-0.0546673 -180.6
-0.0547099 -180.65
-0.0547524 -180.7
-0.0547949 -180.75
-0.0548375 -180.8
-0.05488 -180.85
-0.0549225 -180.9
-0.0549651 -180.95
-0.0550076 -181
-0.0550501 -181.05
-0.0550927 -181.1
-0.0551352 -181.15
-0.0551777 -181.2
-0.0552203 -181.25
-0.0552628 -181.3
-0.0553053 -181.35
-0.0553479 -181.4
-0.0553904 -181.45
-0.055433 -181.5
-0.0554755 -181.55
-0.055518 -181.6
-0.0555606 -181.65
-0.0556031 -181.7
-0.0556457 -181.75
-0.0556882 -181.8
-0.0557308 -181.85
-0.0557733 -181.9
-0.0558158 -181.95
-0.0558584 -182
-0.0559009 -182.05
-0.0559435 -182.1
-0.055986 -182.15
-0.0560286 -182.2
-0.0560711 -182.25
-0.0561137 -182.3
-0.0561562 -182.35
-0.0561988 -182.4
-0.0562413 -182.45
-0.0562839 -182.5
-0.0563264 -182.55
-0.056369 -182.6
-0.0564115 -182.65
-0.0564541 -182.7
-0.0564966 -182.75
-0.0565392 -182.8
-0.0565817 -182.85
-0.0566243 -182.9
-0.0566668 -182.95
-0.0567094 -183
-0.056752 -183.05
-0.0567945 -183.1
-0.0568371 -183.15
-0.0568796 -183.2
-0.0569222 -183.25
-0.0569647 -183.3
-0.0570073 -183.35
-0.0570499 -183.4
-0.0570924 -183.45
-0.057135 -183.5
-0.0571775 -183.55
-0.0572201 -183.6
-0.0572627 -183.65
-0.0573052 -183.7
-0.0573478 -183.75
-0.0573904 -183.8
-0.0574329 -183.85
-0.0574755 -183.9
-0.0575181 -183.95
-0.0575606 -184
-0.0576032 -184.05
-0.0576458 -184.1
-0.0576883 -184.15
-0.0577309 -184.2
-0.0577735 -184.25
-0.057816 -184.3
-0.0578586 -184.35
-0.0579012 -184.4
-0.0579438 -184.45
-0.0579863 -184.5
-0.0580289 -184.55
-0.0580715 -184.6
-0.058114 -184.65
-0.0581566 -184.7
-0.0581992 -184.75
-0.0582418 -184.8
-0.0582843 -184.85
-0.0583269 -184.9
-0.0583695 -184.95
-0.0584121 -185
-0.0584547 -185.05
-0.0584972 -185.1
-0.0585398 -185.15
-0.0585824 -185.2
-0.058625 -185.25
-0.0586676 -185.3
-0.0587101 -185.35
-0.0587527 -185.4
-0.0587953 -185.45
-0.0588379 -185.5
-0.0588805 -185.55
-0.058923 -185.6
-0.0589656 -185.65
-0.0590082 -185.7
-0.0590508 -185.75
-0.0590934 -185.8
-0.059136 -185.85
-0.0591786 -185.9
-0.0592211 -185.95
-0.0592637 -186
-0.0593063 -186.05
-0.0593489 -186.1
-0.0593915 -186.15
-0.0594341 -186.2
-0.0594767 -186.25
-0.0595193 -186.3
-0.0595619 -186.35
-0.0596045 -186.4
-0.059647 -186.45
-0.0596896 -186.5
-0.0597322 -186.55
-0.0597748 -186.6
-0.0598174 -186.65
-0.05986 -186.7
-0.0599026 -186.75
-0.0599452 -186.8
-0.0599878 -186.85
-0.0600304 -186.9
-0.060073 -186.95
-0.0601156 -187
-0.0601582 -187.05
-0.0602008 -187.1
-0.0602434 -187.15
-0.060286 -187.2
-0.0603286 -187.25
-0.0603712 -187.3
-0.0604138 -187.35
-0.0604564 -187.4
-0.060499 -187.45
-0.0605416 -187.5
-0.0605842 -187.55
-0.0606268 -187.6
-0.0606694 -187.65
-0.060712 -187.7
-0.0607546 -187.75
-0.0607973 -187.8
-0.0608399 -187.85
-0.0608825 -187.9
-0.0609251 -187.95
-0.0609677 -188
-0.0610103 -188.05
-0.0610529 -188.1
-0.0610955 -188.15
-0.0611381 -188.2
-0.0611807 -188.25
-0.0612234 -188.3
-0.061266 -188.35
-0.0613086 -188.4
-0.0613512 -188.45
-0.0613938 -188.5
-0.0614364 -188.55
-0.061479 -188.6
-0.0615216 -188.65
-0.0615643 -188.7
-0.0616069 -188.75
-0.0616495 -188.8
-0.0616921 -188.85
-0.0617347 -188.9
-0.0617774 -188.95
-0.06182 -189
-0.0618626 -189.05
-0.0619052 -189.1
-0.0619478 -189.15
-0.0619905 -189.2
-0.0620331 -189.25
-0.0620757 -189.3
-0.0621183 -189.35
-0.0621609 -189.4
-0.0622036 -189.45
-0.0622462 -189.5
-0.0622888 -189.55
-0.0623314 -189.6
-0.0623741 -189.65
-0.0624167 -189.7
-0.0624593 -189.75
-0.062502 -189.8
-0.0625446 -189.85
-0.0625872 -189.9
-0.0626298 -189.95
-0.0626725 -190
-0.0627151 -190.05
-0.0627577 -190.1
-0.0628004 -190.15
-0.062843 -190.2
-0.0628856 -190.25
-0.0629283 -190.3
-0.0629709 -190.35
-0.0630135 -190.4
-0.0630562 -190.45
-0.0630988 -190.5
-0.0631414 -190.55
-0.0631841 -190.6
-0.0632267 -190.65
-0.0632693 -190.7
-0.063312 -190.75
-0.0633546 -190.8
-0.0633972 -190.85
-0.0634399 -190.9
-0.0634825 -190.95
-0.0635252 -191
-0.0635678 -191.05
-0.0636104 -191.1
-0.0636531 -191.15
-0.0636957 -191.2
-0.0637384 -191.25
-0.063781 -191.3
-0.0638237 -191.35
-0.0638663 -191.4
-0.0639089 -191.45
-0.0639516 -191.5
-0.0639942 -191.55
-0.0640369 -191.6
-0.0640795 -191.65
-0.0641222 -191.7
-0.0641648 -191.75
-0.0642075 -191.8
-0.0642501 -191.85
-0.0642928 -191.9
-0.0643354 -191.95
-0.0643781 -192
-0.0644207 -192.05
-0.0644634 -192.1
-0.064506 -192.15
-0.0645487 -192.2
-0.0645913 -192.25
-0.064634 -192.3
-0.0646766 -192.35
-0.0647193 -192.4
-0.0647619 -192.45
-0.0648046 -192.5
-0.0648472 -192.55
-0.0648899 -192.6
-0.0649326 -192.65
-0.0649752 -192.7
-0.0650179 -192.75
-0.0650605 -192.8
-0.0651032 -192.85
-0.0651458 -192.9
-0.0651885 -192.95
-0.0652312 -193
-0.0652738 -193.05
-0.0653165 -193.1
-0.0653591 -193.15
-0.0654018 -193.2
-0.0654445 -193.25
-0.0654871 -193.3
-0.0655298 -193.35
-0.0655725 -193.4
-0.0656151 -193.45
-0.0656578 -193.5
-0.0657005 -193.55
-0.0657431 -193.6
-0.0657858 -193.65
-0.0658285 -193.7
-0.0658711 -193.75
-0.0659138 -193.8
-0.0659565 -193.85
-0.0659991 -193.9
-0.0660418 -193.95
-0.0660845 -194
-0.0661271 -194.05
-0.0661698 -194.1
-0.0662125 -194.15
-0.0662551 -194.2
-0.0662978 -194.25
-0.0663405 -194.3
-0.0663832 -194.35
-0.0664258 -194.4
-0.0664685 -194.45
-0.0665112 -194.5
-0.0665539 -194.55
-0.0665965 -194.6
-0.0666392 -194.65
-0.0666819 -194.7
-0.0667246 -194.75
-0.0667672 -194.8
-0.0668099 -194.85
-0.0668526 -194.9
-0.0668953 -194.95
-0.066938 -195
-0.0669806 -195.05
-0.0670233 -195.1
-0.067066 -195.15
-0.0671087 -195.2
-0.0671514 -195.25
-0.067194 -195.3
-0.0672367 -195.35
-0.0672794 -195.4
-0.0673221 -195.45
-0.0673648 -195.5
-0.0674075 -195.55
-0.0674501 -195.6
-0.0674928 -195.65
-0.0675355 -195.7
-0.0675782 -195.75
-0.0676209 -195.8
-0.0676636 -195.85
-0.0677063 -195.9
-0.067749 -195.95
-0.0677916 -196
-0.0678343 -196.05
-0.067877 -196.1
-0.0679197 -196.15
-0.0679624 -196.2
-0.0680051 -196.25
-0.0680478 -196.3
-0.0680905 -196.35
-0.0681332 -196.4
-0.0681759 -196.45
-0.0682186 -196.5
-0.0682613 -196.55
-0.068304 -196.6
-0.0683466 -196.65
-0.0683893 -196.7
-0.068432 -196.75
-0.0684747 -196.8
-0.0685174 -196.85
-0.0685601 -196.9
-0.0686028 -196.95
-0.0686455 -197
-0.0686882 -197.05
-0.0687309 -197.1
-0.0687736 -197.15
-0.0688163 -197.2
-0.068859 -197.25
-0.0689017 -197.3
-0.0689444 -197.35
-0.0689871 -197.4
-0.0690298 -197.45
-0.0690725 -197.5
-0.0691152 -197.55
-0.0691579 -197.6
-0.0692006 -197.65
-0.0692434 -197.7
-0.0692861 -197.75
-0.0693288 -197.8
-0.0693715 -197.85
-0.0694142 -197.9
-0.0694569 -197.95
-0.0694996 -198
-0.0695423 -198.05
-0.069585 -198.1
-0.0696277 -198.15
-0.0696704 -198.2
-0.0697131 -198.25
-0.0697559 -198.3
-0.0697986 -198.35
-0.0698413 -198.4
-0.069884 -198.45
-0.0699267 -198.5
-0.0699694 -198.55
-0.0700121 -198.6
-0.0700548 -198.65
-0.0700976 -198.7
-0.0701403 -198.75
-0.070183 -198.8
-0.0702257 -198.85
-0.0702684 -198.9
-0.0703111 -198.95
-0.0703539 -199
-0.0703966 -199.05
-0.0704393 -199.1
-0.070482 -199.15
-0.0705247 -199.2
-0.0705674 -199.25
-0.0706102 -199.3
-0.0706529 -199.35
-0.0706956 -199.4
-0.0707383 -199.45
-0.070781 -199.5
-0.0708238 -199.55
-0.0708665 -199.6
-0.0709092 -199.65
-0.0709519 -199.7
-0.0709947 -199.75
-0.0710374 -199.8
-0.0710801 -199.85
-0.0711228 -199.9
-0.0711656 -199.95
-0.0712083 -200
-0.071251 -200.05
-0.0712937 -200.1
-0.0713365 -200.15
-0.0713792 -200.2
-0.0714219 -200.25
-0.0714647 -200.3
-0.0715074 -200.35
-0.0715501 -200.4
-0.0715929 -200.45
-0.0716356 -200.5
-0.0716783 -200.55
-0.071721 -200.6
-0.0717638 -200.65
-0.0718065 -200.7
-0.0718492 -200.75
-0.071892 -200.8
-0.0719347 -200.85
-0.0719775 -200.9
-0.0720202 -200.95
-0.0720629 -201
-0.0721057 -201.05
-0.0721484 -201.1
-0.0721911 -201.15
-0.0722339 -201.2
-0.0722766 -201.25
-0.0723193 -201.3
-0.0723621 -201.35
-0.0724048 -201.4
-0.0724476 -201.45
-0.0724903 -201.5
-0.072533 -201.55
-0.0725758 -201.6
-0.0726185 -201.65
-0.0726613 -201.7
-0.072704 -201.75
-0.0727468 -201.8
-0.0727895 -201.85
-0.0728322 -201.9
-0.072875 -201.95
-0.0729177 -202
-0.0729605 -202.05
-0.0730032 -202.1
-0.073046 -202.15
-0.0730887 -202.2
-0.0731315 -202.25
-0.0731742 -202.3
-0.073217 -202.35
-0.0732597 -202.4
-0.0733025 -202.45
-0.0733452 -202.5
-0.073388 -202.55
-0.0734307 -202.6
-0.0734735 -202.65
-0.0735162 -202.7
-0.073559 -202.75
-0.0736017 -202.8
-0.0736445 -202.85
-0.0736872 -202.9
-0.07373 -202.95
-0.0737727 -203
-0.0738155 -203.05
-0.0738582 -203.1
-0.073901 -203.15
-0.0739437 -203.2
-0.0739865 -203.25
-0.0740292 -203.3
-0.074072 -203.35
-0.0741148 -203.4
-0.0741575 -203.45
-0.0742003 -203.5
-0.074243 -203.55
-0.0742858 -203.6
-0.0743286 -203.65
-0.0743713 -203.7
-0.0744141 -203.75
-0.0744568 -203.8
-0.0744996 -203.85
-0.0745424 -203.9
-0.0745851 -203.95
-0.0746279 -204
-0.0746706 -204.05
-0.0747134 -204.1
-0.0747562 -204.15
-0.0747989 -204.2
-0.0748417 -204.25
-0.0748845 -204.3
-0.0749272 -204.35
-0.07497 -204.4
-0.0750128 -204.45
-0.0750555 -204.5
-0.0750983 -204.55
-0.0751411 -204.6
-0.0751838 -204.65
-0.0752266 -204.7
-0.0752694 -204.75
-0.0753121 -204.8
-0.0753549 -204.85
-0.0753977 -204.9
-0.0754405 -204.95
-0.0754832 -205
-0.075526 -205.05
-0.0755688 -205.1
-0.0756115 -205.15
-0.0756543 -205.2
-0.0756971 -205.25
-0.0757399 -205.3
-0.0757826 -205.35
-0.0758254 -205.4
-0.0758682 -205.45
-0.075911 -205.5
-0.0759537 -205.55
-0.0759965 -205.6
-0.0760393 -205.65
-0.0760821 -205.7
-0.0761248 -205.75
-0.0761676 -205.8
-0.0762104 -205.85
-0.0762532 -205.9
-0.076296 -205.95
-0.0763387 -206
-0.0763815 -206.05
-0.0764243 -206.1
-0.0764671 -206.15
-0.0765099 -206.2
-0.0765526 -206.25
-0.0765954 -206.3
-0.0766382 -206.35
-0.076681 -206.4
-0.0767238 -206.45
-0.0767666 -206.5
-0.0768093 -206.55
-0.0768521 -206.6
-0.0768949 -206.65
-0.0769377 -206.7
-0.0769805 -206.75
-0.0770233 -206.8
-0.0770661 -206.85
-0.0771089 -206.9
-0.0771516 -206.95
-0.0771944 -207
-0.0772372 -207.05
-0.07728 -207.1
-0.0773228 -207.15
-0.0773656 -207.2
-0.0774084 -207.25
-0.0774512 -207.3
-0.077494 -207.35
-0.0775367 -207.4
-0.0775795 -207.45
-0.0776223 -207.5
-0.0776651 -207.55
-0.0777079 -207.6
-0.0777507 -207.65
-0.0777935 -207.7
-0.0778363 -207.75
-0.0778791 -207.8
-0.0779219 -207.85
-0.0779647 -207.9
-0.0780075 -207.95
-0.0780503 -208
-0.0780931 -208.05
-0.0781359 -208.1
-0.0781787 -208.15
-0.0782215 -208.2
-0.0782643 -208.25
-0.0783071 -208.3
-0.0783499 -208.35
-0.0783927 -208.4
-0.0784355 -208.45
-0.0784783 -208.5
-0.0785211 -208.55
-0.0785639 -208.6
-0.0786067 -208.65
-0.0786495 -208.7
-0.0786923 -208.75
-0.0787351 -208.8
-0.0787779 -208.85
-0.0788207 -208.9
-0.0788635 -208.95
-0.0789063 -209
-0.0789491 -209.05
-0.0789919 -209.1
-0.0790347 -209.15
-0.0790775 -209.2
-0.0791203 -209.25
-0.0791631 -209.3
-0.079206 -209.35
-0.0792488 -209.4
-0.0792916 -209.45
-0.0793344 -209.5
-0.0793772 -209.55
-0.07942 -209.6
-0.0794628 -209.65
-0.0795056 -209.7
-0.0795484 -209.75
-0.0795912 -209.8
-0.0796341 -209.85
-0.0796769 -209.9
-0.0797197 -209.95
-0.0797625 -210
-0.0798053 -210.05
-0.0798481 -210.1
-0.0798909 -210.15
-0.0799338 -210.2
-0.0799766 -210.25
-0.0800194 -210.3
-0.0800622 -210.35
-0.080105 -210.4
-0.0801478 -210.45
-0.0801907 -210.5
-0.0802335 -210.55
-0.0802763 -210.6
-0.0803191 -210.65
-0.0803619 -210.7
-0.0804047 -210.75
-0.0804476 -210.8
-0.0804904 -210.85
-0.0805332 -210.9
-0.080576 -210.95
-0.0806188 -211
-0.0806617 -211.05
-0.0807045 -211.1
-0.0807473 -211.15
-0.0807901 -211.2
-0.080833 -211.25
-0.0808758 -211.3
-0.0809186 -211.35
-0.0809614 -211.4
-0.0810043 -211.45
-0.0810471 -211.5
-0.0810899 -211.55
-0.0811327 -211.6
-0.0811756 -211.65
-0.0812184 -211.7
-0.0812612 -211.75
-0.081304 -211.8
-0.0813469 -211.85
-0.0813897 -211.9
-0.0814325 -211.95
-0.0814754 -212
-0.0815182 -212.05
-0.081561 -212.1
-0.0816039 -212.15
-0.0816467 -212.2
-0.0816895 -212.25
-0.0817323 -212.3
-0.0817752 -212.35
-0.081818 -212.4
-0.0818608 -212.45
-0.0819037 -212.5
-0.0819465 -212.55
-0.0819893 -212.6
-0.0820322 -212.65
-0.082075 -212.7
-0.0821179 -212.75
-0.0821607 -212.8
-0.0822035 -212.85
-0.0822464 -212.9
-0.0822892 -212.95
-0.082332 -213
-0.0823749 -213.05
-0.0824177 -213.1
-0.0824605 -213.15
-0.0825034 -213.2
-0.0825462 -213.25
-0.0825891 -213.3
-0.0826319 -213.35
-0.0826747 -213.4
-0.0827176 -213.45
-0.0827604 -213.5
-0.0828033 -213.55
-0.0828461 -213.6
-0.082889 -213.65
-0.0829318 -213.7
-0.0829746 -213.75
-0.0830175 -213.8
-0.0830603 -213.85
-0.0831032 -213.9
-0.083146 -213.95
-0.0831889 -214
-0.0832317 -214.05
-0.0832746 -214.1
-0.0833174 -214.15
-0.0833602 -214.2
-0.0834031 -214.25
-0.0834459 -214.3
-0.0834888 -214.35
-0.0835316 -214.4
-0.0835745 -214.45
-0.0836173 -214.5
-0.0836602 -214.55
-0.083703 -214.6
-0.0837459 -214.65
-0.0837887 -214.7
-0.0838316 -214.75
-0.0838744 -214.8
-0.0839173 -214.85
-0.0839601 -214.9
-0.084003 -214.95
-0.0840458 -215
-0.0840887 -215.05
-0.0841316 -215.1
-0.0841744 -215.15
-0.0842173 -215.2
-0.0842601 -215.25
-0.084303 -215.3
-0.0843458 -215.35
-0.0843887 -215.4
-0.0844315 -215.45
-0.0844744 -215.5
-0.0845173 -215.55
-0.0845601 -215.6
-0.084603 -215.65
-0.0846458 -215.7
-0.0846887 -215.75
-0.0847315 -215.8
-0.0847744 -215.85
-0.0848173 -215.9
-0.0848601 -215.95
-0.084903 -216
-0.0849458 -216.05
-0.0849887 -216.1
-0.0850316 -216.15
-0.0850744 -216.2
-0.0851173 -216.25
-0.0851602 -216.3
-0.085203 -216.35
-0.0852459 -216.4
-0.0852887 -216.45
-0.0853316 -216.5
-0.0853745 -216.55
-0.0854173 -216.6
-0.0854602 -216.65
-0.0855031 -216.7
-0.0855459 -216.75
-0.0855888 -216.8
-0.0856317 -216.85
-0.0856745 -216.9
-0.0857174 -216.95
-0.0857603 -217
-0.0858031 -217.05
-0.085846 -217.1
-0.0858889 -217.15
-0.0859317 -217.2
-0.0859746 -217.25
-0.0860175 -217.3
-0.0860604 -217.35
-0.0861032 -217.4
-0.0861461 -217.45
-0.086189 -217.5
-0.0862318 -217.55
-0.0862747 -217.6
-0.0863176 -217.65
-0.0863605 -217.7
-0.0864033 -217.75
-0.0864462 -217.8
-0.0864891 -217.85
-0.086532 -217.9
-0.0865748 -217.95
-0.0866177 -218
-0.0866606 -218.05
-0.0867035 -218.1
-0.0867463 -218.15
-0.0867892 -218.2
-0.0868321 -218.25
-0.086875 -218.3
-0.0869178 -218.35
-0.0869607 -218.4
-0.0870036 -218.45
-0.0870465 -218.5
-0.0870894 -218.55
-0.0871322 -218.6
-0.0871751 -218.65
-0.087218 -218.7
-0.0872609 -218.75
-0.0873038 -218.8
-0.0873466 -218.85
-0.0873895 -218.9
-0.0874324 -218.95
-0.0874753 -219
-0.0875182 -219.05
-0.0875611 -219.1
-0.0876039 -219.15
-0.0876468 -219.2
-0.0876897 -219.25
-0.0877326 -219.3
-0.0877755 -219.35
-0.0878184 -219.4
-0.0878613 -219.45
-0.0879041 -219.5
-0.087947 -219.55
-0.0879899 -219.6
-0.0880328 -219.65
-0.0880757 -219.7
-0.0881186 -219.75
-0.0881615 -219.8
-0.0882044 -219.85
-0.0882472 -219.9
-0.0882901 -219.95
-0.088333 -220
-0.0883759 -220.05
-0.0884188 -220.1
-0.0884617 -220.15
-0.0885046 -220.2
-0.0885475 -220.25
-0.0885904 -220.3
-0.0886333 -220.35
-0.0886762 -220.4
-0.088719 -220.45
-0.0887619 -220.5
-0.0888048 -220.55
-0.0888477 -220.6
-0.0888906 -220.65
-0.0889335 -220.7
-0.0889764 -220.75
-0.0890193 -220.8
-0.0890622 -220.85
-0.0891051 -220.9
-0.089148 -220.95
-0.0891909 -221
-0.0892338 -221.05
-0.0892767 -221.1
-0.0893196 -221.15
-0.0893625 -221.2
-0.0894054 -221.25
-0.0894483 -221.3
-0.0894912 -221.35
-0.0895341 -221.4
-0.089577 -221.45
-0.0896199 -221.5
-0.0896628 -221.55
-0.0897057 -221.6
-0.0897486 -221.65
-0.0897915 -221.7
-0.0898344 -221.75
-0.0898773 -221.8
-0.0899202 -221.85
-0.0899631 -221.9
-0.090006 -221.95
-0.0900489 -222
-0.0900918 -222.05
-0.0901347 -222.1
-0.0901776 -222.15
-0.0902205 -222.2
-0.0902634 -222.25
-0.0903063 -222.3
-0.0903492 -222.35
-0.0903921 -222.4
-0.0904351 -222.45
-0.090478 -222.5
-0.0905209 -222.55
-0.0905638 -222.6
-0.0906067 -222.65
-0.0906496 -222.7
-0.0906925 -222.75
-0.0907354 -222.8
-0.0907783 -222.85
-0.0908212 -222.9
-0.0908641 -222.95
-0.0909071 -223
-0.09095 -223.05
-0.0909929 -223.1
-0.0910358 -223.15
-0.0910787 -223.2
-0.0911216 -223.25
-0.0911645 -223.3
-0.0912074 -223.35
-0.0912503 -223.4
-0.0912933 -223.45
-0.0913362 -223.5
-0.0913791 -223.55
-0.091422 -223.6
-0.0914649 -223.65
-0.0915078 -223.7
-0.0915508 -223.75
-0.0915937 -223.8
-0.0916366 -223.85
-0.0916795 -223.9
-0.0917224 -223.95
-0.0917653 -224
-0.0918083 -224.05
-0.0918512 -224.1
-0.0918941 -224.15
-0.091937 -224.2
-0.0919799 -224.25
-0.0920228 -224.3
-0.0920658 -224.35
-0.0921087 -224.4
-0.0921516 -224.45
-0.0921945 -224.5
-0.0922374 -224.55
-0.0922804 -224.6
-0.0923233 -224.65
-0.0923662 -224.7
-0.0924091 -224.75
-0.0924521 -224.8
-0.092495 -224.85
-0.0925379 -224.9
-0.0925808 -224.95
-0.0926238 -225
-0.0926667 -225.05
-0.0927096 -225.1
-0.0927525 -225.15
-0.0927955 -225.2
-0.0928384 -225.25
-0.0928813 -225.3
-0.0929242 -225.35
-0.0929672 -225.4
-0.0930101 -225.45
-0.093053 -225.5
-0.0930959 -225.55
-0.0931389 -225.6
-0.0931818 -225.65
-0.0932247 -225.7
-0.0932677 -225.75
-0.0933106 -225.8
-0.0933535 -225.85
-0.0933964 -225.9
-0.0934394 -225.95
-0.0934823 -226
-0.0935252 -226.05
-0.0935682 -226.1
-0.0936111 -226.15
-0.093654 -226.2
-0.093697 -226.25
-0.0937399 -226.3
-0.0937828 -226.35
-0.0938258 -226.4
-0.0938687 -226.45
-0.0939116 -226.5
-0.0939546 -226.55
-0.0939975 -226.6
-0.0940404 -226.65
-0.0940834 -226.7
-0.0941263 -226.75
-0.0941692 -226.8
-0.0942122 -226.85
-0.0942551 -226.9
-0.094298 -226.95
-0.094341 -227
-0.0943839 -227.05
-0.0944269 -227.1
-0.0944698 -227.15
-0.0945127 -227.2
-0.0945557 -227.25
-0.0945986 -227.3
-0.0946416 -227.35
-0.0946845 -227.4
-0.0947274 -227.45
-0.0947704 -227.5
-0.0948133 -227.55
-0.0948563 -227.6
-0.0948992 -227.65
-0.0949421 -227.7
-0.0949851 -227.75
-0.095028 -227.8
-0.095071 -227.85
-0.0951139 -227.9
-0.0951568 -227.95
-0.0951998 -228
-0.0952427 -228.05
-0.0952857 -228.1
-0.0953286 -228.15
-0.0953716 -228.2
-0.0954145 -228.25
-0.0954575 -228.3
-0.0955004 -228.35
-0.0955433 -228.4
-0.0955863 -228.45
-0.0956292 -228.5
-0.0956722 -228.55
-0.0957151 -228.6
-0.0957581 -228.65
-0.095801 -228.7
-0.095844 -228.75
-0.0958869 -228.8
-0.0959299 -228.85
-0.0959728 -228.9
-0.0960158 -228.95
-0.0960587 -229
-0.0961017 -229.05
-0.0961446 -229.1
-0.0961876 -229.15
-0.0962305 -229.2
-0.0962735 -229.25
-0.0963164 -229.3
-0.0963594 -229.35
-0.0964023 -229.4
-0.0964453 -229.45
-0.0964882 -229.5
-0.0965312 -229.55
-0.0965741 -229.6
-0.0966171 -229.65
-0.0966601 -229.7
-0.096703 -229.75
-0.096746 -229.8
-0.0967889 -229.85
-0.0968319 -229.9
-0.0968748 -229.95
-0.0969178 -230
-0.0969607 -230.05
-0.0970037 -230.1
-0.0970466 -230.15
-0.0970896 -230.2
-0.0971326 -230.25
-0.0971755 -230.3
-0.0972185 -230.35
-0.0972614 -230.4
-0.0973044 -230.45
-0.0973474 -230.5
-0.0973903 -230.55
-0.0974333 -230.6
-0.0974762 -230.65
-0.0975192 -230.7
-0.0975622 -230.75
-0.0976051 -230.8
-0.0976481 -230.85
-0.097691 -230.9
-0.097734 -230.95
-0.097777 -231
-0.0978199 -231.05
-0.0978629 -231.1
-0.0979058 -231.15
-0.0979488 -231.2
-0.0979918 -231.25
-0.0980347 -231.3
-0.0980777 -231.35
-0.0981207 -231.4
-0.0981636 -231.45
-0.0982066 -231.5
-0.0982496 -231.55
-0.0982925 -231.6
-0.0983355 -231.65
-0.0983785 -231.7
-0.0984214 -231.75
-0.0984644 -231.8
-0.0985074 -231.85
-0.0985503 -231.9
-0.0985933 -231.95
-0.0986363 -232
-0.0986792 -232.05
-0.0987222 -232.1
-0.0987652 -232.15
-0.0988081 -232.2
-0.0988511 -232.25
-0.0988941 -232.3
-0.098937 -232.35
-0.09898 -232.4
-0.099023 -232.45
-0.0990659 -232.5
-0.0991089 -232.55
-0.0991519 -232.6
-0.0991949 -232.65
-0.0992378 -232.7
-0.0992808 -232.75
-0.0993238 -232.8
-0.0993667 -232.85
-0.0994097 -232.9
-0.0994527 -232.95
-0.0994957 -233
-0.0995386 -233.05
-0.0995816 -233.1
-0.0996246 -233.15
-0.0996676 -233.2
-0.0997105 -233.25
-0.0997535 -233.3
-0.0997965 -233.35
-0.0998395 -233.4
-0.0998824 -233.45
-0.0999254 -233.5
-0.0999684 -233.55
-0.100011 -233.6
-0.100054 -233.65
-0.100097 -233.7
-0.10014 -233.75
-0.100183 -233.8
-0.100226 -233.85
-0.100269 -233.9
-0.100312 -233.95
-0.100355 -234
-0.100398 -234.05
-0.100441 -234.1
-0.100484 -234.15
-0.100527 -234.2
-0.10057 -234.25
-0.100613 -234.3
-0.100656 -234.35
-0.100699 -234.4
-0.100742 -234.45
-0.100785 -234.5
-0.100828 -234.55
-0.100871 -234.6
-0.100914 -234.65
-0.100957 -234.7
-0.101 -234.75
-0.101043 -234.8
-0.101086 -234.85
-0.101129 -234.9
-0.101172 -234.95
-0.101215 -235
-0.101258 -235.05
-0.101301 -235.1
-0.101344 -235.15
-0.101387 -235.2
-0.10143 -235.25
-0.101473 -235.3
-0.101516 -235.35
-0.101559 -235.4
-0.101602 -235.45
-0.101645 -235.5
-0.101688 -235.55
-0.101731 -235.6
-0.101774 -235.65
-0.101817 -235.7
-0.10186 -235.75
-0.101903 -235.8
-0.101946 -235.85
-0.101989 -235.9
-0.102032 -235.95
-0.102075 -236
-0.102118 -236.05
-0.102161 -236.1
-0.102204 -236.15
-0.102247 -236.2
-0.10229 -236.25
-0.102333 -236.3
-0.102376 -236.35
-0.102419 -236.4
-0.102462 -236.45
-0.102504 -236.5
-0.102547 -236.55
-0.10259 -236.6
-0.102633 -236.65
-0.102676 -236.7
-0.102719 -236.75
-0.102762 -236.8
-0.102805 -236.85
-0.102848 -236.9
-0.102891 -236.95
-0.102934 -237
-0.102977 -237.05
-0.10302 -237.1
-0.103063 -237.15
-0.103106 -237.2
-0.103149 -237.25
-0.103192 -237.3
-0.103235 -237.35
-0.103278 -237.4
-0.103321 -237.45
-0.103364 -237.5
-0.103407 -237.55
-0.10345 -237.6
-0.103493 -237.65
-0.103536 -237.7
-0.103579 -237.75
-0.103622 -237.8
-0.103665 -237.85
-0.103708 -237.9
-0.103751 -237.95
-0.103794 -238
-0.103837 -238.05
-0.10388 -238.1
-0.103923 -238.15
-0.103966 -238.2
-0.104009 -238.25
-0.104052 -238.3
-0.104095 -238.35
-0.104138 -238.4
-0.104181 -238.45
-0.104224 -238.5
-0.104267 -238.55
-0.10431 -238.6
-0.104353 -238.65
-0.104396 -238.7
-0.104439 -238.75
-0.104482 -238.8
-0.104525 -238.85
-0.104568 -238.9
-0.104611 -238.95
-0.104654 -239
-0.104697 -239.05
-0.10474 -239.1
-0.104783 -239.15
-0.104826 -239.2
-0.10487 -239.25
-0.104913 -239.3
-0.104956 -239.35
-0.104999 -239.4
-0.105042 -239.45
-0.105085 -239.5
-0.105128 -239.55
-0.105171 -239.6
-0.105214 -239.65
-0.105257 -239.7
-0.1053 -239.75
-0.105343 -239.8
-0.105386 -239.85
-0.105429 -239.9
-0.105472 -239.95
-0.105515 -240
-0.105558 -240.05
-0.105601 -240.1
-0.105644 -240.15
-0.105687 -240.2
-0.10573 -240.25
-0.105773 -240.3
-0.105816 -240.35
-0.105859 -240.4
-0.105902 -240.45
-0.105945 -240.5
-0.105988 -240.55
-0.106031 -240.6
-0.106074 -240.65
-0.106117 -240.7
-0.10616 -240.75
-0.106203 -240.8
-0.106246 -240.85
-0.106289 -240.9
-0.106332 -240.95
-0.106375 -241
-0.106418 -241.05
-0.106461 -241.1
-0.106504 -241.15
-0.106547 -241.2
-0.10659 -241.25
-0.106633 -241.3
-0.106676 -241.35
-0.106719 -241.4
-0.106762 -241.45
-0.106805 -241.5
-0.106848 -241.55
-0.106891 -241.6
-0.106934 -241.65
-0.106977 -241.7
-0.10702 -241.75
-0.107063 -241.8
-0.107106 -241.85
-0.107149 -241.9
-0.107192 -241.95
-0.107235 -242
-0.107278 -242.05
-0.107321 -242.1
-0.107364 -242.15
-0.107407 -242.2
-0.10745 -242.25
-0.107493 -242.3
-0.107536 -242.35
-0.107579 -242.4
-0.107622 -242.45
-0.107665 -242.5
-0.107709 -242.55
-0.107752 -242.6
-0.107795 -242.65
-0.107838 -242.7
-0.107881 -242.75
-0.107924 -242.8
-0.107967 -242.85
-0.10801 -242.9
-0.108053 -242.95
-0.108096 -243
-0.108139 -243.05
-0.108182 -243.1
-0.108225 -243.15
-0.108268 -243.2
-0.108311 -243.25
-0.108354 -243.3
-0.108397 -243.35
-0.10844 -243.4
-0.108483 -243.45
-0.108526 -243.5
-0.108569 -243.55
-0.108612 -243.6
-0.108655 -243.65
-0.108698 -243.7
-0.108741 -243.75
-0.108784 -243.8
-0.108827 -243.85
-0.10887 -243.9
-0.108913 -243.95
-0.108956 -244
-0.108999 -244.05
-0.109042 -244.1
-0.109085 -244.15
-0.109128 -244.2
-0.109171 -244.25
-0.109214 -244.3
-0.109258 -244.35
-0.109301 -244.4
-0.109344 -244.45
-0.109387 -244.5
-0.10943 -244.55
-0.109473 -244.6
-0.109516 -244.65
-0.109559 -244.7
-0.109602 -244.75
-0.109645 -244.8
-0.109688 -244.85
-0.109731 -244.9
-0.109774 -244.95
-0.109817 -245
-0.10986 -245.05
-0.109903 -245.1
-0.109946 -245.15
-0.109989 -245.2
-0.110032 -245.25
-0.110075 -245.3
-0.110118 -245.35
-0.110161 -245.4
-0.110204 -245.45
-0.110247 -245.5
-0.11029 -245.55
-0.110333 -245.6
-0.110376 -245.65
-0.110419 -245.7
-0.110462 -245.75
-0.110506 -245.8
-0.110549 -245.85
-0.110592 -245.9
-0.110635 -245.95
-0.110678 -246
-0.110721 -246.05
-0.110764 -246.1
-0.110807 -246.15
-0.11085 -246.2
-0.110893 -246.25
-0.110936 -246.3
-0.110979 -246.35
-0.111022 -246.4
-0.111065 -246.45
-0.111108 -246.5
-0.111151 -246.55
-0.111194 -246.6
-0.111237 -246.65
-0.11128 -246.7
-0.111323 -246.75
-0.111366 -246.8
-0.111409 -246.85
-0.111452 -246.9
-0.111495 -246.95
-0.111538 -247
-0.111582 -247.05
-0.111625 -247.1
-0.111668 -247.15
-0.111711 -247.2
-0.111754 -247.25
-0.111797 -247.3
-0.11184 -247.35
-0.111883 -247.4
-0.111926 -247.45
-0.111969 -247.5
-0.112012 -247.55
-0.112055 -247.6
-0.112098 -247.65
-0.112141 -247.7
-0.112184 -247.75
-0.112227 -247.8
-0.11227 -247.85
-0.112313 -247.9
-0.112356 -247.95
-0.112399 -248
-0.112442 -248.05
-0.112485 -248.1
-0.112529 -248.15
-0.112572 -248.2
-0.112615 -248.25
-0.112658 -248.3
-0.112701 -248.35
-0.112744 -248.4
-0.112787 -248.45
-0.11283 -248.5
-0.112873 -248.55
-0.112916 -248.6
-0.112959 -248.65
-0.113002 -248.7
-0.113045 -248.75
-0.113088 -248.8
-0.113131 -248.85
-0.113174 -248.9
-0.113217 -248.95
-0.11326 -249
-0.113303 -249.05
-0.113346 -249.1
-0.11339 -249.15
-0.113433 -249.2
-0.113476 -249.25
-0.113519 -249.3
-0.113562 -249.35
-0.113605 -249.4
-0.113648 -249.45
-0.113691 -249.5
-0.113734 -249.55
-0.113777 -249.6
-0.11382 -249.65
-0.113863 -249.7
-0.113906 -249.75
-0.113949 -249.8
-0.113992 -249.85
-0.114035 -249.9
-0.114078 -249.95
-0.114121 -250
