0 -0
2.5e-05 -0.4
5e-05 -0.8
7.5e-05 -1.2
0.0001 -1.6
0.000125 -2
0.00015 -2.4
0.000175 -2.8
0.0002 -3.2
0.000225 -3.6
0.00025 -4
0.000275 -4.4
0.0003 -4.8
0.000325 -5.2
0.00035 -5.6
0.000375 -6
0.0004 -6.4
0.000425 -6.8
0.00045 -7.2
0.000475 -7.6
0.0005 -8
0.000525 -8.4
0.00055 -8.8
0.000575 -9.2
0.0006 -9.6
0.000625 -10
0.00065 -10.4
0.000675 -10.8
0.0007 -11.2
0.000725 -11.6
0.00075 -12
0.000775 -12.4
0.0008 -12.8
0.000825 -13.2
0.00085 -13.6
0.000875 -14
0.0009 -14.4
0.000925 -14.8
0.00095 -15.2
0.000975 -15.6
0.001 -16
0.001025 -16.4
0.00105 -16.8
0.001075 -17.2
0.0011 -17.6
0.001125 -18
0.00115 -18.4
0.001175 -18.8
0.0012 -19.2
0.001225 -19.6
0.00125 -20
0.001275 -20.4
0.0013 -20.8
0.001325 -21.2
0.00135 -21.6
0.001375 -22
0.0014 -22.4
0.001425 -22.8
0.00145 -23.2
0.001475 -23.6
0.0015 -24
0.001525 -24.4
0.00155 -24.8
0.001575 -25.2
0.0016 -25.6
0.001625 -26
0.00165 -26.4
0.001675 -26.8
0.0017 -27.2
0.001725 -27.6
0.00175 -28
0.001775 -28.4
0.0018 -28.8
0.001825 -29.2
0.00185 -29.6
0.001875 -30
0.0019 -30.4
0.001925 -30.8
0.00195 -31.2
0.001975 -31.6
0.002 -32
0.002025 -32.4
0.00205 -32.8
0.002075 -33.2
0.0021 -33.6
0.002125 -34
0.00215 -34.4
0.002175 -34.8
0.0022 -35.2
0.002225 -35.6
0.00225 -36
0.002275 -36.4
0.0023 -36.8
0.002325 -37.2
0.00235 -37.6
0.002375 -38
0.0024 -38.4
0.002425 -38.8
0.00245 -39.2
0.002475 -39.6
0.0025 -40
0.002525 -40.4
0.00255 -40.8
0.002575 -41.2
0.0026 -41.6
0.002625 -42
0.00265 -42.4
0.002675 -42.8
0.0027 -43.2
0.002725 -43.6
0.00275 -44
0.002775 -44.4
0.0028 -44.8
0.002825 -45.2
0.00285 -45.6
0.002875 -46
0.0029 -46.4
0.002925 -46.8
0.00295 -47.2
0.002975 -47.6
0.003 -48
0.003025 -48.4
0.00305 -48.8
0.003075 -49.2
0.0031 -49.6
0.003125 -50
0.00315 -50.4
0.003175 -50.8
0.0032 -51.2
0.003225 -51.6
0.00325 -52
0.003275 -52.4
0.0033 -52.8
0.003325 -53.2
0.00335 -53.6
0.003375 -54
0.0034 -54.4
0.003425 -54.8
0.00345 -55.2
0.003475 -55.6
0.0035 -56
0.003525 -56.4
0.00355 -56.8
0.003575 -57.2
0.0036 -57.6
0.003625 -58
0.00365 -58.4
0.003675 -58.8
0.0037 -59.2
0.003725 -59.6
0.00375 -60
0.003775 -60.4
0.0038 -60.8
0.003825 -61.2
0.00385 -61.6
0.003875 -62
0.0039 -62.4
0.003925 -62.8
0.00395 -63.2
0.003975 -63.6
0.004 -64
0.004025 -64.4
0.00405 -64.8
0.004075 -65.2
0.0041 -65.6
0.004125 -66
0.00415 -66.4
0.004175 -66.8
0.0042 -67.2
0.004225 -67.6
0.00425 -68
0.004275 -68.4
0.0043 -68.8
0.004325 -69.2
0.00435 -69.6
0.004375 -70
0.0044 -70.4
0.004425 -70.8
0.00445 -71.2
0.004475 -71.6
0.0045 -72
0.004525 -72.4
0.00455 -72.8
0.004575 -73.2
0.0046 -73.6
0.004625 -74
0.00465 -74.4
0.004675 -74.8
0.0047 -75.2
0.004725 -75.6
0.00475 -76
0.004775 -76.4
0.0048 -76.8
0.004825 -77.2
0.00485 -77.6
0.004875 -78
0.0049 -78.4
0.004925 -78.8
0.00495 -79.2
0.004975 -79.6
0.005 -80
0.005025 -80.4
0.00505 -80.8
0.005075 -81.2
0.0051 -81.6
0.005125 -82
0.00515 -82.4
0.005175 -82.8
0.0052 -83.2
0.005225 -83.6
0.00525 -84
0.005275 -84.4
0.0053 -84.8
0.005325 -85.2
0.00535 -85.6
0.005375 -86
0.0054 -86.4
0.005425 -86.8
0.00545 -87.2
0.005475 -87.6
0.0055 -88
0.005525 -88.4
0.00555 -88.8
0.005575 -89.2
0.0056 -89.6
0.005625 -90
0.00565 -90.4
0.005675 -90.8
0.0057 -91.2
0.005725 -91.6
0.00575 -92
0.005775 -92.4
0.0058 -92.8
0.005825 -93.2
0.00585 -93.6
0.005875 -94
0.0059 -94.4
0.005925 -94.8
0.00595 -95.2
0.005975 -95.6
0.006 -96
0.006025 -96.4
0.00605 -96.8
0.006075 -97.2
0.0061 -97.6
0.006125 -98
0.00615 -98.4
0.006175 -98.8
0.0062 -99.2
0.006225 -99.6
0.00625 -100
0.006275 -100.4
0.0063 -100.8
0.006325 -101.2
0.00635 -101.6
0.006375 -102
0.0064 -102.4
0.006425 -102.8
0.00645 -103.2
0.006475 -103.6
0.0065 -104
0.006525 -104.4
0.00655 -104.8
0.006575 -105.2
0.0066 -105.6
0.006625 -106
0.00665 -106.4
0.006675 -106.8
0.0067 -107.2
0.006725 -107.6
0.00675 -108
0.006775 -108.4
0.0068 -108.8
0.006825 -109.2
0.00685 -109.6
0.006875 -110
0.0069 -110.4
0.006925 -110.8
0.00695 -111.2
0.006975 -111.6
0.007 -112
0.007025 -112.4
0.00705 -112.8
0.007075 -113.2
0.0071 -113.6
0.007125 -114
0.00715 -114.4
0.007175 -114.8
0.0072 -115.2
0.007225 -115.6
0.00725 -116
0.007275 -116.4
0.0073 -116.8
0.007325 -117.2
0.00735 -117.6
0.007375 -118
0.0074 -118.4
0.007425 -118.8
0.00745 -119.2
0.007475 -119.6
0.0075 -120
0.007525 -120.4
0.00755 -120.8
0.007575 -121.2
0.0076 -121.6
0.007625 -122
0.00765 -122.4
0.007675 -122.8
0.0077 -123.2
0.007725 -123.6
0.00775 -124
0.007775 -124.4
0.0078 -124.8
0.007825 -125.2
0.00785 -125.6
0.007875 -126
0.0079 -126.4
0.007925 -126.8
0.00795 -127.2
0.007975 -127.6
0.008 -128
0.008025 -128.4
0.00805 -128.8
0.008075 -129.2
0.0081 -129.6
0.008125 -130
0.00815 -130.4
0.008175 -130.8
0.0082 -131.2
0.008225 -131.6
0.00825 -132
0.008275 -132.4
0.0083 -132.8
0.008325 -133.2
0.00835 -133.6
0.008375 -134
0.0084 -134.4
0.008425 -134.8
0.00845 -135.2
0.008475 -135.6
0.0085 -136
0.008525 -136.4
0.00855 -136.8
0.008575 -137.2
0.0086 -137.6
0.008625 -138
0.00865 -138.4
0.008675 -138.8
0.0087 -139.2
0.008725 -139.6
0.00875 -140
0.008775 -140.4
0.0088 -140.8
0.008825 -141.2
0.00885 -141.6
0.008875 -142
0.0089 -142.4
0.008925 -142.8
0.00895 -143.2
0.008975 -143.6
0.009 -144
0.009025 -144.4
0.00905 -144.8
0.009075 -145.2
0.0091 -145.6
0.009125 -146
0.00915 -146.4
0.009175 -146.8
0.0092 -147.2
0.009225 -147.6
0.00925 -148
0.009275 -148.4
0.0093 -148.8
0.009325 -149.2
0.00935 -149.6
0.009375 -150
0.0094 -150.4
0.009425 -150.8
0.00945 -151.2
0.009475 -151.6
0.0095 -152
0.009525 -152.4
0.00955 -152.8
0.009575 -153.2
0.0096 -153.6
0.009625 -154
0.00965 -154.4
0.009675 -154.8
0.0097 -155.2
0.009725 -155.6
0.00975 -156
0.009775 -156.4
0.0098 -156.8
0.009825 -157.2
0.00985 -157.6
0.009875 -158
0.0099 -158.4
0.009925 -158.8
0.00995 -159.2
0.009975 -159.6
0.01 -160
0.010025 -160.4
0.01005 -160.8
0.010075 -161.2
0.0101 -161.6
0.010125 -162
0.01015 -162.4
0.010175 -162.8
0.0102 -163.2
0.010225 -163.6
0.01025 -164
0.010275 -164.4
0.0103 -164.8
0.010325 -165.2
0.01035 -165.6
0.010375 -166
0.0104 -166.4
0.010425 -166.8
0.01045 -167.2
0.010475 -167.6
0.0105 -168
0.010525 -168.4
0.01055 -168.8
0.010575 -169.2
0.0106 -169.6
0.010625 -170
0.01065 -170.4
0.010675 -170.8
0.0107 -171.2
0.010725 -171.6
0.01075 -172
0.010775 -172.4
0.0108 -172.8
0.010825 -173.2
0.01085 -173.6
0.010875 -174
0.0109 -174.4
0.010925 -174.8
0.01095 -175.2
0.010975 -175.6
0.011 -176
0.011025 -176.4
0.01105 -176.8
0.011075 -177.2
0.0111 -177.6
0.011125 -178
0.01115 -178.4
0.011175 -178.8
0.0112 -179.2
0.011225 -179.6
0.01125 -180
0.011275 -180.4
0.0113 -180.8
0.011325 -181.2
0.01135 -181.6
0.011375 -182
0.0114 -182.4
0.011425 -182.8
0.01145 -183.2
0.011475 -183.6
0.0115 -184
0.011525 -184.4
0.01155 -184.8
0.011575 -185.2
0.0116 -185.6
0.011625 -186
0.01165 -186.4
0.011675 -186.8
0.0117 -187.2
0.011725 -187.6
0.01175 -188
0.011775 -188.4
0.0118 -188.8
0.011825 -189.2
0.01185 -189.6
0.011875 -190
0.0119 -190.4
0.011925 -190.8
0.01195 -191.2
0.011975 -191.6
0.012 -192
0.012025 -192.4
0.01205 -192.8
0.012075 -193.2
0.0121 -193.6
0.012125 -194
0.01215 -194.4
0.012175 -194.8
0.0122 -195.2
0.012225 -195.6
0.01225 -196
0.012275 -196.4
0.0123 -196.8
0.012325 -197.2
0.01235 -197.6
0.012375 -198
0.0124 -198.4
0.012425 -198.8
0.01245 -199.2
0.012475 -199.6
0.0125 -200
