0 -0
0.000205492 -0.024
0.000413483 -0.048
0.000624011 -0.072
0.000837117 -0.096
0.00105284 -0.12
0.00127124 -0.144
0.00149233 -0.168
0.00171618 -0.192
0.00194283 -0.216
0.00217232 -0.24
0.0024047 -0.264
0.00264003 -0.288
0.00287834 -0.312
0.00311969 -0.336
0.00336414 -0.36
0.00361173 -0.384
0.00386252 -0.408
0.00411657 -0.432
0.00437393 -0.456
0.00463466 -0.48
0.00489882 -0.504
0.00516647 -0.528
0.00543768 -0.552
0.0057125 -0.576
0.00599101 -0.6
0.00627327 -0.624
0.00655935 -0.648
0.00684931 -0.672
0.00714324 -0.696
0.0074412 -0.72
0.00774327 -0.744
0.00804953 -0.768
0.00836006 -0.792
0.00867494 -0.816
0.00899424 -0.84
0.00931807 -0.864
0.0096465 -0.888
0.00997963 -0.912
0.0103175 -0.936
0.0106603 -0.96
0.0110081 -0.984
0.011361 -1.008
0.011719 -1.032
0.0120823 -1.056
0.0124511 -1.08
0.0128253 -1.104
0.0132051 -1.128
0.0135907 -1.152
0.0139822 -1.176
0.0143796 -1.2
0.0147831 -1.224
0.0151929 -1.248
0.0156091 -1.272
0.0160317 -1.296
0.0164611 -1.32
0.0168972 -1.344
0.0173403 -1.368
0.0177905 -1.392
0.0182479 -1.416
0.0187128 -1.44
0.0191853 -1.464
0.0196656 -1.488
0.0201539 -1.512
0.0206503 -1.536
0.021155 -1.56
0.0216683 -1.584
0.0221903 -1.608
0.0227213 -1.632
0.0232614 -1.656
0.023811 -1.68
0.0243701 -1.704
0.0249392 -1.728
0.0255183 -1.752
0.0261078 -1.776
0.026708 -1.8
0.0273191 -1.824
0.0279414 -1.848
0.0285751 -1.872
0.0292207 -1.896
0.0298783 -1.92
0.0305484 -1.944
0.0312313 -1.968
0.0319272 -1.992
0.0326367 -2.016
0.03336 -2.04
0.0340976 -2.064
0.0348498 -2.088
0.0356171 -2.112
0.0363999 -2.136
0.0371986 -2.16
0.0380138 -2.184
0.0388459 -2.208
0.0396954 -2.232
0.0405629 -2.256
0.0414489 -2.28
0.042354 -2.304
0.0432787 -2.328
0.0442238 -2.352
0.0451898 -2.376
0.0461775 -2.4
0.0471874 -2.424
0.0482205 -2.448
0.0492774 -2.472
0.050359 -2.496
0.051466 -2.52
0.0525994 -2.544
0.0537602 -2.568
0.0549491 -2.592
0.0561674 -2.616
0.0574159 -2.64
0.058696 -2.664
0.0600086 -2.688
0.061355 -2.712
0.0627366 -2.736
0.0641546 -2.76
0.0656105 -2.784
0.0671058 -2.808
0.0686421 -2.832
0.0702209 -2.856
0.0718442 -2.88
0.0735137 -2.904
0.0752313 -2.928
0.0769992 -2.952
0.0788195 -2.976
0.0806946 -3
0.0826269 -3.024
0.0846189 -3.048
0.0866735 -3.072
0.0887936 -3.096
0.0909823 -3.12
0.0932428 -3.144
0.0955789 -3.168
0.0979942 -3.192
0.100493 -3.216
0.103079 -3.24
0.105757 -3.264
0.108532 -3.288
0.11141 -3.312
0.114396 -3.336
0.117496 -3.36
0.120716 -3.384
0.124065 -3.408
0.127549 -3.432
0.131177 -3.456
0.134957 -3.48
0.1389 -3.504
0.143016 -3.528
0.147317 -3.552
0.151815 -3.576
0.156524 -3.6
0.161458 -3.624
0.166635 -3.648
0.172073 -3.672
0.177791 -3.696
0.183812 -3.72
0.190159 -3.744
0.196861 -3.768
0.203947 -3.792
0.211452 -3.816
0.219412 -3.84
0.227871 -3.864
0.236876 -3.888
0.246483 -3.912
0.256752 -3.936
0.267754 -3.96
0.279571 -3.984
0.292294 -4.008
0.306033 -4.032
0.320912 -4.056
0.337078 -4.08
0.354706 -4.104
0.374 -4.128
0.395206 -4.152
0.418621 -4.176
0.444604 -4.2
0.473597 -4.224
0.506146 -4.248
0.542937 -4.272
0.584839 -4.296
0.632967 -4.32
0.688775 -4.344
0.754183 -4.368
0.831761 -4.392
0.925001 -4.416
1.03869 -4.44
1.17937 -4.464
1.35586 -4.488
1.57923 -4.512
1.86121 -4.536
2.20914 -4.56
2.61811 -4.584
3.0679 -4.608
3.53149 -4.632
3.98688 -4.656
4.4216 -4.68
4.8306 -4.704
5.21306 -4.728
5.57013 -4.752
5.90371 -4.776
6.21587 -4.8
6.5086 -4.824
6.78374 -4.848
7.0429 -4.872
7.28753 -4.896
7.51887 -4.92
7.73806 -4.944
7.94606 -4.968
8.14374 -4.992
8.33187 -5.016
8.51114 -5.04
8.68216 -5.064
8.84548 -5.088
9.00159 -5.112
9.15095 -5.136
9.29396 -5.16
9.431 -5.184
9.5624 -5.208
9.68848 -5.232
9.80952 -5.256
9.92579 -5.28
10.0375 -5.304
10.145 -5.328
10.2483 -5.352
10.3478 -5.376
10.4435 -5.4
10.5357 -5.424
10.6245 -5.448
10.71 -5.472
10.7925 -5.496
10.872 -5.52
10.9486 -5.544
11.0225 -5.568
11.0938 -5.592
11.1626 -5.616
11.2289 -5.64
11.293 -5.664
11.3548 -5.688
11.4144 -5.712
11.472 -5.736
11.5275 -5.76
11.5812 -5.784
11.6329 -5.808
11.6829 -5.832
11.7312 -5.856
11.7778 -5.88
11.8227 -5.904
11.8661 -5.928
11.908 -5.952
11.9484 -5.976
11.9874 -6
12.0251 -6.024
12.0614 -6.048
12.0964 -6.072
12.1302 -6.096
12.1628 -6.12
12.1942 -6.144
12.2245 -6.168
12.2537 -6.192
12.2818 -6.216
12.3088 -6.24
12.3349 -6.264
12.36 -6.288
12.3842 -6.312
12.4074 -6.336
12.4297 -6.36
12.4512 -6.384
12.4718 -6.408
12.4916 -6.432
12.5106 -6.456
12.5288 -6.48
12.5462 -6.504
12.563 -6.528
12.579 -6.552
12.5943 -6.576
12.6089 -6.6
12.6229 -6.624
12.6362 -6.648
12.6489 -6.672
12.661 -6.696
12.6725 -6.72
12.6834 -6.744
12.6937 -6.768
12.7035 -6.792
12.7128 -6.816
12.7215 -6.84
12.7297 -6.864
12.7374 -6.888
12.7446 -6.912
12.7514 -6.936
12.7577 -6.96
12.7635 -6.984
12.7689 -7.008
12.7738 -7.032
12.7783 -7.056
12.7825 -7.08
12.7862 -7.104
12.7895 -7.128
12.7924 -7.152
12.7949 -7.176
12.7971 -7.2
12.7989 -7.224
12.8003 -7.248
12.8014 -7.272
12.8022 -7.296
12.8026 -7.32
12.8027 -7.344
12.8025 -7.368
12.8019 -7.392
12.8011 -7.416
12.7999 -7.44
12.7985 -7.464
12.7967 -7.488
12.7947 -7.512
12.7924 -7.536
12.7898 -7.56
12.787 -7.584
12.7838 -7.608
12.7804 -7.632
12.7768 -7.656
12.7729 -7.68
12.7687 -7.704
12.7643 -7.728
12.7597 -7.752
12.7548 -7.776
12.7497 -7.8
12.7443 -7.824
12.7387 -7.848
12.7329 -7.872
12.7268 -7.896
12.7206 -7.92
12.7141 -7.944
12.7074 -7.968
12.7004 -7.992
12.6933 -8.016
12.6859 -8.04
12.6783 -8.064
12.6705 -8.088
12.6625 -8.112
12.6542 -8.136
12.6458 -8.16
12.6371 -8.184
12.6282 -8.208
12.6192 -8.232
12.6099 -8.256
12.6003 -8.28
12.5906 -8.304
12.5806 -8.328
12.5704 -8.352
12.56 -8.376
12.5494 -8.4
12.5385 -8.424
12.5274 -8.448
12.5161 -8.472
12.5045 -8.496
12.4926 -8.52
12.4805 -8.544
12.4681 -8.568
12.4554 -8.592
12.4425 -8.616
12.4292 -8.64
12.4156 -8.664
12.4017 -8.688
12.3875 -8.712
12.3728 -8.736
12.3578 -8.76
12.3424 -8.784
12.3265 -8.808
12.3101 -8.832
12.2931 -8.856
12.2756 -8.88
12.2574 -8.904
12.2384 -8.928
12.2185 -8.952
12.1977 -8.976
12.1756 -9
12.152 -9.024
12.1265 -9.048
12.0984 -9.072
12.0666 -9.096
12.0285 -9.12
11.9753 -9.144
-5.6453 -9.168
0.0208045 -9.192
0.020816 -9.216
0.0208253 -9.24
0.0208345 -9.264
0.0208437 -9.288
0.0208528 -9.312
0.0208618 -9.336
0.0208708 -9.36
0.0208797 -9.384
0.0208885 -9.408
0.0208973 -9.432
0.020906 -9.456
0.0209146 -9.48
0.0209232 -9.504
0.0209318 -9.528
0.0209403 -9.552
0.0209487 -9.576
0.020957 -9.6
0.0209653 -9.624
0.0209736 -9.648
0.0209818 -9.672
0.0209899 -9.696
0.020998 -9.72
0.021006 -9.744
0.0210139 -9.768
0.0210218 -9.792
0.0210297 -9.816
0.0210375 -9.84
0.0210452 -9.864
0.0210529 -9.888
0.0210605 -9.912
0.0210681 -9.936
0.0210756 -9.96
0.021083 -9.984
0.0210904 -10.008
0.0210978 -10.032
0.0211051 -10.056
0.0211124 -10.08
0.0211196 -10.104
0.0211267 -10.128
0.0211338 -10.152
0.0211408 -10.176
0.0211478 -10.2
0.0211548 -10.224
0.0211617 -10.248
0.0211685 -10.272
0.0211753 -10.296
0.0211821 -10.32
0.0211887 -10.344
0.0211954 -10.368
0.021202 -10.392
0.0212085 -10.416
0.021215 -10.44
0.0212215 -10.464
0.0212279 -10.488
0.0212343 -10.512
0.0212406 -10.536
0.0212468 -10.56
0.0212531 -10.584
0.0212592 -10.608
0.0212654 -10.632
0.0212715 -10.656
0.0212775 -10.68
0.0212835 -10.704
0.0212894 -10.728
0.0212953 -10.752
0.0213012 -10.776
0.021307 -10.8
0.0213128 -10.824
0.0213185 -10.848
0.0213242 -10.872
0.0213299 -10.896
0.0213355 -10.92
0.021341 -10.944
0.0213465 -10.968
0.021352 -10.992
0.0213574 -11.016
0.0213628 -11.04
0.0213682 -11.064
0.0213735 -11.088
0.0213788 -11.112
0.021384 -11.136
0.0213892 -11.16
0.0213943 -11.184
0.0213994 -11.208
0.0214045 -11.232
0.0214095 -11.256
0.0214145 -11.28
0.0214195 -11.304
0.0214244 -11.328
0.0214293 -11.352
0.0214341 -11.376
0.0214389 -11.4
0.0214437 -11.424
0.0214484 -11.448
0.0214531 -11.472
0.0214577 -11.496
0.0214623 -11.52
0.0214669 -11.544
0.0214714 -11.568
0.0214759 -11.592
0.0214804 -11.616
0.0214848 -11.64
0.0214892 -11.664
0.0214936 -11.688
0.0214979 -11.712
0.0215022 -11.736
0.0215064 -11.76
0.0215107 -11.784
0.0215149 -11.808
0.021519 -11.832
0.0215231 -11.856
0.0215272 -11.88
0.0215312 -11.904
0.0215353 -11.928
0.0215392 -11.952
0.0215432 -11.976
0.0215471 -12
