-0.00162399 2.0034
-0.00917721 4.0068
-0.0239346 6.0102
-0.0406483 8.01359
-0.0560614 10.017
-0.0730477 12.0204
-0.0916262 14.0238
-0.106543 16.0272
-0.116436 18.0306
-0.124194 20.034
-0.127878 22.0374
-0.122729 24.0408
-0.110461 26.0442
-0.0957211 28.0476
-0.0775737 30.051
-0.0546289 32.0544
-0.0321542 34.0578
-0.0149142 36.0612
-0.00098245 38.0646
0.010081 40.068
0.0128603 42.0714
0.00561258 44.0748
-0.00670965 46.0782
-0.0224579 48.0816
-0.0444968 50.085
-0.0701003 52.0884
-0.0921586 54.0918
-0.109915 56.0952
-0.126257 58.0986
-0.137489 60.102
-0.138032 62.1053
-0.130216 64.1087
-0.118304 66.1121
-0.100174 68.1155
-0.0749418 70.1189
-0.0495871 72.1223
-0.0293668 74.1257
-0.0118727 76.1291
0.00321622 78.1325
0.0103336 80.1359
0.00833367 82.1393
0.00217146 84.1427
-0.00780004 86.1461
-0.0255134 88.1495
-0.0484243 90.1529
-0.0696702 92.1563
-0.0885378 94.1597
-0.106964 96.1631
-0.120655 98.1665
-0.125065 100.17
-0.123592 102.173
-0.120038 104.177
-0.111386 106.18
-0.0960627 108.184
-0.0792414 110.187
-0.063647 112.19
-0.0461243 114.194
-0.0274402 116.197
-0.0137358 118.201
-0.00619266 120.204
-0.00104955 122.207
0.000464062 124.211
-0.00599205 126.214
-0.0184432 128.217
-0.0321465 130.221
-0.0481495 132.224
-0.0682479 134.228
-0.0877652 136.231
-0.102283 138.234
-0.11386 140.238
-0.12355 142.241
-0.127021 144.245
-0.122811 146.248
-0.114808 148.251
-0.10346 150.255
-0.0853451 152.258
-0.0623179 154.262
-0.0403104 156.265
-0.0205161 158.268
-0.00210557 160.272
0.0103918 162.275
0.0125577 164.279
0.00731872 166.282
-0.00181918 168.285
-0.017098 170.289
-0.0390318 172.292
-0.062025 174.296
-0.0830427 176.299
-0.104306 178.302
-0.123929 180.306
-0.13527 182.309
-0.137218 184.313
-0.133677 186.316
-0.123876 188.319
-0.104977 190.323
-0.0811669 192.326
-0.058779 194.33
-0.0374272 196.333
-0.0159439 198.336
0.000375514 200.34
0.00749529 202.343
0.00872118 204.347
0.00597973 206.35
-0.00453137 208.353
-0.0226979 210.357
-0.0420794 212.36
-0.060511 214.364
-0.0810195 216.367
-0.101273 218.37
-0.114857 220.374
-0.12192 222.377
-0.126143 224.381
-0.124887 226.384
-0.114459 228.387
-0.0993498 230.391
-0.0850532 232.394
-0.0693961 234.398
-0.0504959 236.401
-0.0335443 238.404
-0.0216239 240.408
-0.0108742 242.411
-0.000882584 244.415
0.00217711 246.418
-0.00327216 248.421
-0.0123578 250.425
-0.0244267 252.428
-0.042676 254.432
-0.0639676 256.435
-0.0817374 258.438
-0.0963347 260.442
-0.11089 262.445
-0.122104 264.449
-0.125792 266.452
-0.124483 268.455
-0.120368 270.459
-0.109491 272.462
-0.0904414 274.466
-0.0688738 276.469
-0.0481788 278.472
-0.026537 280.476
-0.00604858 282.479
0.00691879 284.483
0.0114653 286.486
0.011045 288.489
0.00431926 290.493
-0.0117709 292.496
-0.0334521 294.5
-0.0550433 296.503
-0.0769976 298.506
-0.100041 300.51
-0.11889 302.513
-0.129738 304.517
-0.135218 306.52
-0.136066 308.523
-0.128009 310.527
-0.110905 312.53
-0.0902527 314.534
-0.0680324 316.537
-0.043073 318.54
-0.0195516 320.544
-0.00383565 322.547
0.00454463 324.551
0.00873841 326.554
0.00663302 328.557
-0.00372059 330.561
-0.0180263 332.564
-0.0331873 334.568
-0.0521053 336.571
-0.0747739 338.574
-0.0947813 340.578
-0.109116 342.581
-0.120389 344.585
-0.127324 346.588
-0.125166 348.591
-0.115724 350.595
-0.104889 352.598
-0.092244 354.602
-0.074741 356.605
-0.056027 358.608
-0.0409182 360.612
-0.0271089 362.615
-0.0124401 364.619
-0.00208516 366.622
0.000144958 368.625
-0.00210703 370.629
-0.007013 372.632
-0.0186699 374.635
-0.037037 376.639
-0.0557922 378.642
-0.0730558 380.646
-0.091895 382.649
-0.109823 384.652
-0.120587 386.656
-0.124773 388.659
-0.126427 390.663
-0.123222 392.666
-0.111532 394.669
-0.0950508 396.673
-0.0779375 398.676
-0.0575605 400.68
-0.0330324 402.683
-0.0111979 404.686
0.0031068 406.69
0.0120318 408.693
0.0153017 410.697
0.00808713 412.7
-0.00862537 414.703
-0.0278697 416.707
-0.0477865 418.71
-0.0709027 420.714
-0.0941831 422.717
-0.111868 424.72
-0.124624 426.724
-0.134792 428.727
-0.138215 430.731
-0.130803 432.734
-0.116031 434.737
-0.0978358 436.741
-0.0750153 438.744
-0.048923 440.748
-0.0264073 442.751
-0.0105001 444.754
0.00148952 446.758
0.00886393 448.761
0.00754138 450.765
-0.00114656 452.768
-0.0125656 454.771
-0.0273192 456.775
-0.047459 458.778
-0.0688159 460.782
-0.0866188 462.785
-0.102325 464.788
-0.116793 466.792
-0.125084 468.795
-0.124782 470.799
-0.119913 472.802
-0.11197 474.805
-0.0978333 476.809
-0.0790804 478.812
-0.0618328 480.816
-0.0468044 482.819
-0.030838 484.822
-0.0162619 486.826
-0.00753406 488.829
-0.00286016 490.833
0.000346931 492.836
-0.00202265 494.839
-0.0134034 496.843
-0.0296453 498.846
-0.0470016 500.85
-0.0672572 502.853
-0.0891653 504.856
-0.106055 506.86
-0.116157 508.863
-0.123693 510.867
-0.128153 512.87
-0.124743 514.873
-0.114658 516.877
-0.102464 518.88
-0.0863835 520.884
-0.0633233 522.887
-0.0383385 524.89
-0.0179895 526.894
-0.0015296 528.897
0.0118028 530.901
0.0163296 532.904
0.00932093 534.907
-0.00367108 536.911
-0.0192662 538.914
-0.0403967 540.918
-0.065832 542.921
-0.0883803 544.924
-0.105998 546.928
-0.12192 548.931
-0.13389 550.935
-0.136226 552.938
-0.130289 554.941
-0.120649 556.945
-0.105548 558.948
-0.0825703 560.952
-0.0570997 562.955
-0.0351313 564.958
-0.0158911 566.962
0.000571522 568.965
0.00870314 570.969
0.00681079 572.972
0.000258052 574.975
-0.00879972 576.979
-0.0234864 578.982
-0.0425132 580.986
-0.0604689 582.989
-0.0773487 584.992
-0.0960424 586.996
-0.112956 588.999
-0.122275 591.003
-0.124978 593.006
-0.123826 595.009
-0.1163 597.013
-0.101272 599.016
-0.0843253 601.02
-0.0692038 603.023
-0.053201 605.026
-0.0358175 607.03
-0.0216101 609.033
-0.0116426 611.037
-0.00301218 613.04
0.00241418 615.043
-0.000298535 617.047
-0.0101135 619.05
-0.0228955 621.053
-0.0394418 623.057
-0.0609663 625.06
-0.0824462 627.064
-0.0992715 629.067
-0.113219 631.07
-0.124914 633.074
-0.129644 635.077
-0.126046 637.081
-0.118568 639.084
-0.107962 641.087
-0.0905797 643.091
-0.0681748 645.094
-0.046735 647.098
-0.026762 649.101
-0.00630584 651.104
0.0098814 653.108
0.0156115 655.111
0.0124518 657.115
0.00381679 659.118
-0.0123888 661.121
-0.0363331 663.125
-0.0608863 665.128
-0.0813551 667.132
-0.100443 669.135
-0.11834 671.138
-0.129553 673.142
-0.132905 675.145
-0.132339 677.149
-0.12666 679.152
-0.111165 681.155
-0.0884681 683.159
-0.0654695 685.162
-0.0430574 687.166
-0.0203138 689.169
-0.00279237 691.172
0.00456514 693.176
0.00536815 695.179
0.00337071 697.183
-0.0045829 699.186
-0.0197193 701.189
-0.0364727 703.193
-0.0524255 705.196
-0.0712507 707.2
-0.0919241 709.203
-0.10758 711.206
-0.116791 713.21
-0.123328 715.213
-0.125592 717.217
-0.119042 719.22
-0.106271 721.223
-0.0926997 723.227
-0.0772479 725.23
-0.0579298 727.234
-0.0395302 729.237
-0.0262186 731.24
-0.0150872 733.244
-0.00452457 735.247
0.000872587 737.251
-0.000881207 739.254
-0.0062599 741.257
-0.0152219 743.261
-0.0316322 745.264
-0.0536259 747.268
-0.0747982 749.271
-0.0937368 751.274
-0.111697 753.278
-0.12474 755.281
-0.128727 757.285
-0.126682 759.288
-0.122082 761.291
-0.112177 763.295
-0.0953133 765.298
-0.075803 767.302
-0.0558798 769.305
-0.0331685 771.308
-0.00984779 773.312
0.00669334 775.315
0.0140551 777.319
0.0149412 779.322
0.00832672 781.325
-0.00822967 783.329
-0.0304238 785.332
-0.0520925 787.336
-0.0735951 789.339
-0.0960916 791.342
-0.114703 793.346
-0.125751 795.349
-0.132061 797.353
-0.134472 799.356
-0.128356 801.359
-0.11326 803.363
-0.0948062 805.366
-0.0747043 807.37
-0.0507685 809.373
-0.0267027 811.376
-0.00952382 813.38
0.00071652 815.383
0.00716066 817.387
0.00700443 819.39
-0.00270743 821.393
-0.0169954 823.397
-0.0308551 825.4
-0.046882 827.404
-0.0666504 829.407
-0.0848039 831.41
-0.0985512 833.414
-0.111471 835.417
-0.122987 837.421
-0.126539 839.424
-0.121126 841.427
-0.112054 843.431
-0.0999902 845.434
-0.0821311 847.438
-0.0621487 849.441
-0.0462048 851.444
-0.0328906 853.448
-0.018587 855.451
-0.00670853 857.455
-0.00137177 859.458
5.69983e-06 861.461
-0.00103243 863.465
-0.00936556 865.468
-0.0266636 867.472
-0.0469329 869.475
-0.0666302 871.478
-0.0877034 873.482
-0.108002 875.485
-0.121164 877.488
-0.126925 879.492
-0.129492 881.495
-0.127375 883.499
-0.116583 885.502
-0.0999399 887.505
-0.0822297 889.509
-0.0620012 891.512
-0.0379173 893.516
-0.0155697 895.519
0.000220807 897.522
0.0109902 899.526
0.0166215 901.529
0.0122079 903.533
-0.00268693 905.536
-0.0222406 907.539
-0.0438114 909.543
-0.0684255 911.546
-0.0924734 913.55
-0.110114 915.553
-0.121832 917.556
-0.130515 919.56
-0.133565 921.563
-0.128022 923.567
-0.116938 925.57
-0.102782 927.573
-0.0828584 929.577
-0.0576155 931.58
-0.0339447 933.584
-0.0157742 935.587
-0.00155526 937.59
0.00718046 939.594
0.00622848 941.597
-0.0022267 943.601
-0.0123375 945.604
-0.0244664 947.607
-0.041618 949.611
-0.0605436 951.614
-0.0768458 953.618
-0.092513 955.621
-0.10892 957.624
-0.12054 959.628
-0.123697 961.631
-0.121991 963.635
-0.117107 965.638
-0.105405 967.641
-0.0877145 969.645
-0.0704199 971.648
-0.054771 973.652
-0.0373326 975.655
-0.0203903 977.658
-0.00946832 979.662
-0.0033775 981.665
0.00134547 983.669
0.00124766 985.672
-0.00772303 987.675
-0.021886 989.679
-0.0374425 991.682
-0.0571969 993.686
-0.0814439 995.689
-0.102874 997.692
-0.117194 999.696
-0.127366 1001.7
-0.133247 1003.7
-0.129863 1005.71
-0.118202 1007.71
-0.104562 1009.71
-0.0891355 1011.72
-0.0680281 1013.72
-0.0441006 1015.72
-0.023467 1017.73
-0.00591635 1019.73
0.00982665 1021.73
0.0181348 1023.74
0.0141742 1025.74
0.00168595 1027.74
-0.0150057 1029.75
-0.0370744 1031.75
-0.0630768 1033.75
-0.0859779 1035.76
-0.103103 1037.76
-0.117858 1039.76
-0.129544 1041.77
-0.133187 1043.77
-0.129156 1045.77
-0.121305 1047.78
-0.108224 1049.78
-0.0874465 1051.78
-0.0636042 1053.79
-0.0424562 1055.79
-0.0233989 1057.79
-0.00607316 1059.8
0.00433544 1061.8
0.005351 1063.8
0.0011934 1065.81
-0.00619517 1067.81
-0.0196316 1069.81
-0.0377698 1071.82
-0.0549625 1073.82
-0.0706341 1075.82
-0.0877854 1077.83
-0.103962 1079.83
-0.114414 1081.84
-0.120287 1083.84
-0.123799 1085.84
-0.121336 1087.85
-0.110237 1089.85
-0.0948556 1091.85
-0.078804 1093.86
-0.0603438 1095.86
-0.0404786 1097.86
-0.0249153 1099.87
-0.0146016 1101.87
-0.00541614 1103.87
0.00170555 1105.88
0.00173779 1107.88
-0.00475656 1109.88
-0.0142948 1111.89
-0.029028 1113.89
-0.0513854 1115.89
-0.0757586 1117.9
-0.0957767 1119.9
-0.112484 1121.9
-0.126746 1123.91
-0.133346 1125.91
-0.130199 1127.91
-0.12254 1129.92
-0.112378 1131.92
-0.0956145 1133.92
-0.0728911 1135.93
-0.0506388 1137.93
-0.0303343 1139.93
-0.00950863 1141.94
0.00794766 1143.94
0.015278 1145.94
0.0134043 1147.95
0.00643074 1149.95
-0.00751565 1151.95
-0.030131 1153.96
-0.055326 1155.96
-0.0773887 1157.96
-0.0978451 1159.97
-0.116835 1161.97
-0.12853 1163.97
-0.131033 1165.98
-0.129224 1167.98
-0.124063 1169.98
-0.111291 1171.99
-0.0920242 1173.99
-0.0721539 1175.99
-0.0521954 1178
-0.0299581 1180
-0.0100559 1182.01
0.00104678 1184.01
0.00460991 1186.01
0.00408732 1188.02
-0.0027491 1190.02
-0.0170899 1192.02
-0.0333455 1194.03
-0.0478771 1196.03
-0.0638848 1198.03
-0.0822013 1200.04
-0.0978932 1202.04
-0.109269 1204.04
-0.118983 1206.05
-0.125127 1208.05
-0.122715 1210.05
-0.113049 1212.06
-0.100923 1214.06
-0.0859694 1216.06
-0.0667174 1218.07
-0.0474882 1220.07
-0.0321956 1222.07
-0.0185332 1224.08
-0.00551424 1226.08
0.00209982 1228.08
0.00225191 1230.09
-0.00158297 1232.09
-0.00922291 1234.09
-0.0244621 1236.1
-0.0456712 1238.1
-0.0668275 1240.1
-0.0869573 1242.11
-0.107647 1244.11
-0.12456 1246.11
-0.132297 1248.12
-0.132712 1250.12
-0.128871 1252.12
-0.118065 1254.13
-0.0991843 1256.13
-0.077942 1258.13
-0.0578806 1260.14
-0.0363631 1262.14
-0.0141468 1264.14
0.00241343 1266.15
0.0112939 1268.15
0.0152137 1270.15
0.0121554 1272.16
-0.00219728 1274.16
-0.0243768 1276.16
-0.0472434 1278.17
-0.0700732 1280.17
-0.0937721 1282.17
-0.112958 1284.18
-0.123326 1286.18
-0.128593 1288.19
-0.131338 1290.19
-0.127036 1292.19
-0.114019 1294.2
-0.0977355 1296.2
-0.0802999 1298.2
-0.058453 1300.21
-0.0345448 1302.21
-0.0163182 1304.21
-0.00515639 1306.22
0.00269883 1308.22
0.00545259 1310.22
-0.000953051 1312.23
-0.0130946 1314.23
-0.0255733 1316.23
-0.0402299 1318.24
-0.0594097 1320.24
-0.0781673 1322.24
-0.0923307 1324.25
-0.104816 1326.25
-0.116697 1328.25
-0.122786 1330.26
-0.121303 1332.26
-0.116439 1334.26
-0.108492 1336.27
-0.0935504 1338.27
-0.0735852 1340.27
-0.0548829 1342.28
-0.0380447 1344.28
-0.0208289 1346.28
-0.00676967 1348.29
-0.000187764 1350.29
0.00149704 1352.29
0.00107926 1354.3
-0.00513902 1356.3
-0.0195696 1358.3
-0.037922 1360.31
-0.0574129 1362.31
-0.0800309 1364.31
-0.103656 1366.32
-0.121118 1368.32
-0.130296 1370.32
-0.13429 1372.33
-0.132258 1374.33
-0.121246 1376.33
-0.104322 1378.34
-0.0862817 1380.34
-0.0659238 1382.34
-0.041837 1384.35
-0.0191074 1386.35
-0.00235763 1388.36
0.00962915 1390.36
0.0164765 1392.36
0.0133752 1394.37
4.8802e-05 1396.37
-0.0178234 1398.37
-0.0381413 1400.38
-0.0624934 1402.38
-0.0872619 1404.38
-0.106129 1406.39
-0.119306 1408.39
-0.129512 1410.39
-0.133477 1412.4
-0.127755 1414.4
-0.116312 1416.4
-0.103126 1418.41
-0.0856651 1420.41
-0.0633299 1422.41
-0.0422449 1424.42
-0.0256399 1426.42
-0.0105885 1428.42
0.00188839 1430.43
0.00570249 1432.43
0.000648924 1434.43
-0.00781481 1436.44
-0.019249 1438.44
-0.0363819 1440.44
-0.0555299 1442.45
-0.0711266 1444.45
-0.0851047 1446.45
-0.100664 1448.46
-0.113594 1450.46
-0.119635 1452.46
-0.121638 1454.47
-0.121144 1456.47
-0.11344 1458.47
-0.0975986 1460.48
-0.0799473 1462.48
-0.0631918 1464.48
-0.0443121 1466.49
-0.0250476 1468.49
-0.0114992 1470.49
-0.00349668 1472.5
0.002968 1474.5
0.00528575 1476.5
-0.00161126 1478.51
-0.0152848 1480.51
-0.0310655 1482.51
-0.0505267 1484.52
-0.0747442 1486.52
-0.0975331 1488.53
-0.114002 1490.53
-0.12642 1492.53
-0.135267 1494.54
-0.135428 1496.54
-0.125855 1498.54
-0.111642 1500.55
-0.0942621 1502.55
-0.071386 1504.55
-0.046114 1506.56
-0.0247803 1508.56
-0.00779884 1510.56
0.0067336 1512.57
0.015048 1514.57
0.0131397 1516.57
0.00381715 1518.58
-0.00985475 1520.58
-0.0299178 1522.58
-0.0557042 1524.59
-0.0803253 1526.59
-0.0999655 1528.59
-0.11651 1530.6
-0.128666 1532.6
-0.131847 1534.6
-0.127287 1536.61
-0.119876 1538.61
-0.10876 1540.61
-0.0909294 1542.62
-0.0698699 1544.62
-0.0505219 1546.62
-0.0319079 1548.63
-0.0135618 1550.63
-0.00103863 1552.63
0.00251279 1554.64
0.000980492 1556.64
-0.0037414 1558.64
-0.0148083 1560.65
-0.0312924 1562.65
-0.0475335 1564.65
-0.0628912 1566.66
-0.0805767 1568.66
-0.0979591 1570.66
-0.109637 1572.67
-0.116751 1574.67
-0.122239 1576.67
-0.122578 1578.68
-0.114478 1580.68
-0.102151 1582.68
-0.0890735 1584.69
-0.0720187 1586.69
-0.050479 1588.69
-0.030974 1590.7
-0.016591 1592.7
-0.00412407 1594.71
0.00540524 1596.71
0.00625816 1598.71
-0.000990923 1600.72
-0.0108475 1602.72
-0.0239807 1604.72
