-0.000753427 1.53333
-0.00264703 3.06667
-0.00565605 4.6
-0.00962443 6.13333
-0.0140535 7.66666
-0.0190622 9.2
-0.0243408 10.7333
-0.0298912 12.2667
-0.035949 13.8
-0.042285 15.3333
-0.0491913 16.8667
-0.0564982 18.4
-0.0639377 19.9333
-0.0715327 21.4667
-0.0786835 23
-0.085287 24.5333
-0.0911462 26.0667
-0.095913 27.6
-0.0998725 29.1333
-0.102848 30.6667
-0.105008 32.2
-0.106592 33.7333
-0.107358 35.2667
-0.107562 36.8
-0.106956 38.3333
-0.105342 39.8667
-0.102847 41.4
-0.0990937 42.9333
-0.0943309 44.4666
-0.0886712 46
-0.0821381 47.5333
-0.0752994 49.0666
-0.0681494 50.6
-0.0610037 52.1333
-0.0541159 53.6666
-0.0472804 55.2
-0.0407995 56.7333
-0.0344732 58.2666
-0.028283 59.8
-0.0225058 61.3333
-0.0169489 62.8666
-0.0120382 64.4
-0.00792166 65.9333
-0.00462785 67.4666
-0.00259385 69
-0.0016026 70.5333
-0.00175815 72.0666
-0.00305016 73.6
-0.00510899 75.1333
-0.00809318 76.6666
-0.0116991 78.2
-0.0158864 79.7333
-0.0208094 81.2666
-0.0261774 82.8
-0.0322466 84.3333
-0.0388648 85.8666
-0.0458244 87.4
-0.0532404 88.9333
-0.0606233 90.4666
-0.067933 92
-0.0749947 93.5333
-0.0814252 95.0666
-0.0873913 96.6
-0.0925791 98.1333
-0.0970102 99.6666
-0.100799 101.2
-0.103649 102.733
-0.105818 104.267
-0.107125 105.8
-0.107466 107.333
-0.10705 108.867
-0.105548 110.4
-0.103168 111.933
-0.0999151 113.467
-0.0956574 115
-0.0907615 116.533
-0.0850662 118.067
-0.0787929 119.6
-0.072178 121.133
-0.0651 122.667
-0.0579981 124.2
-0.050834 125.733
-0.0437171 127.267
-0.0369861 128.8
-0.030445 130.333
-0.0244196 131.867
-0.0189387 133.4
-0.0139328 134.933
-0.00975998 136.467
-0.00624293 138
-0.00361038 139.533
-0.00200955 141.067
-0.00128813 142.6
-0.00177925 144.133
-0.00326608 145.667
-0.00573395 147.2
-0.00926257 148.733
-0.0134286 150.267
-0.0183672 151.8
-0.0238419 153.333
-0.029636 154.867
-0.0359479 156.4
-0.0424423 157.933
-0.049258 159.467
-0.0563759 161
-0.0635037 162.533
-0.0708007 164.067
-0.0778448 165.6
-0.0844792 167.133
-0.0906224 168.667
-0.0957955 170.2
-0.100144 171.733
-0.103477 173.267
-0.10574 174.8
-0.10725 176.333
-0.107804 177.867
-0.107667 179.4
-0.106844 180.933
-0.105121 182.467
-0.102699 184
-0.0992372 185.533
-0.0947875 187.067
-0.0894759 188.6
-0.0831627 190.133
-0.0763418 191.667
-0.0691023 193.2
-0.0616906 194.733
-0.0545487 196.267
-0.0475425 197.8
-0.0409625 199.333
-0.0347403 200.867
-0.0286923 202.4
-0.0230515 203.933
-0.017575 205.467
-0.0125176 207
-0.00812243 208.533
-0.00439622 210.067
-0.0018731 211.6
-0.000513247 213.133
-0.000412385 214.667
-0.00171148 216.2
-0.00396346 217.733
-0.0072115 219.267
-0.0111453 220.8
-0.015473 222.333
-0.0203584 223.867
-0.0255198 225.4
-0.0311755 226.933
-0.037422 228.467
-0.0440861 230
-0.0513976 231.533
-0.0589655 233.067
-0.0665897 234.6
-0.0741073 236.133
-0.0809388 237.667
-0.0871085 239.2
-0.0923594 240.733
-0.0965998 242.267
-0.100134 243.8
-0.10281 245.333
-0.104921 246.867
-0.106494 248.4
-0.107316 249.933
-0.107527 251.467
-0.106706 253
-0.104782 254.533
-0.101764 256.067
-0.0974146 257.6
-0.0921419 259.133
-0.0860242 260.667
-0.0793203 262.2
-0.072509 263.733
-0.0655414 265.267
-0.0587603 266.8
-0.0521433 268.333
-0.0455325 269.867
-0.0391409 271.4
-0.0326974 272.933
-0.0263999 274.467
-0.0204613 276
-0.0148698 277.533
-0.0101554 279.067
-0.00636076 280.6
-0.00364894 282.133
-0.00225799 283.667
-0.00188553 285.2
-0.00263532 286.733
-0.00427286 288.267
-0.00655546 289.8
-0.0096081 291.333
-0.0131455 292.867
-0.0173494 294.4
-0.0222854 295.933
-0.0278125 297.467
-0.0341866 299
-0.0411038 300.533
-0.0484519 302.067
-0.0561255 303.6
-0.0636124 305.133
-0.0709074 306.667
-0.0776877 308.2
-0.083773 309.733
-0.0893129 311.267
-0.0940456 312.8
-0.098183 314.333
-0.101706 315.867
-0.104436 317.4
-0.10657 318.933
-0.10777 320.467
-0.10802 322
-0.107334 323.533
-0.105438 325.067
-0.102605 326.6
-0.0987651 328.133
-0.0940245 329.667
-0.0887125 331.2
-0.0827264 332.733
-0.0764113 334.267
-0.0698154 335.8
-0.0629048 337.333
-0.0560031 338.867
-0.0489408 340.4
-0.0419321 341.933
-0.0351498 343.467
-0.0285136 345
-0.0224167 346.533
-0.0168351 348.067
-0.0119195 349.6
-0.00793322 351.133
-0.00473478 352.667
-0.00260368 354.2
-0.00147762 355.733
-0.00128802 357.267
-0.00222307 358.8
-0.00398808 360.333
-0.00668489 361.867
-0.0102489 363.4
-0.0144298 364.933
-0.0194075 366.467
-0.0249049 368
-0.0309116 369.533
-0.0374727 371.067
-0.0442769 372.6
-0.0514578 374.133
-0.0587648 375.667
-0.0660071 377.2
-0.0732066 378.733
-0.0799345 380.267
-0.0862078 381.8
-0.091854 383.333
-0.0966192 384.867
-0.100688 386.4
-0.103815 387.933
-0.106093 389.467
-0.107619 391
-0.108189 392.533
-0.108022 394.067
-0.106932 395.6
-0.104862 397.133
-0.101931 398.667
-0.09789 400.2
-0.0929902 401.733
-0.0872816 403.267
-0.080823 404.8
-0.0740557 406.333
-0.0669716 407.866
-0.0598791 409.4
-0.0529671 410.933
-0.0461297 412.466
-0.0396211 414
-0.0332689 415.533
-0.0271148 417.066
-0.0213359 418.6
-0.0158194 420.133
-0.0109629 421.666
-0.00687695 423.2
-0.00369892 424.733
-0.00180063 426.266
-0.00101246 427.8
-0.00146044 429.333
-0.00304727 430.866
-0.00543384 432.4
-0.00867824 433.933
-0.0124523 435.466
-0.0167291 437
-0.0216112 438.533
-0.0269308 440.066
-0.0329516 441.6
-0.0395687 443.133
-0.0466725 444.666
-0.0542759 446.2
-0.0619046 447.733
-0.0694292 449.266
-0.0765414 450.8
-0.0828822 452.333
-0.0885328 453.866
-0.0932722 455.4
-0.097237 456.933
-0.100588 458.466
-0.103232 460
-0.105407 461.533
-0.106916 463.066
-0.107632 464.6
-0.107518 466.133
-0.106188 467.666
-0.103721 469.2
-0.100056 470.733
-0.0952117 472.266
-0.0896039 473.8
-0.0833052 475.333
-0.0767037 476.866
-0.070049 478.4
-0.063321 479.933
-0.0567681 481.466
-0.0501909 483
-0.0435796 484.533
-0.0370236 486.066
-0.0303674 487.6
-0.0239684 489.133
-0.0179696 490.666
-0.0125833 492.2
-0.0082594 493.733
-0.004979 495.266
-0.00295327 496.8
-0.00215095 498.333
-0.00230607 499.866
-0.00343598 501.4
-0.00520311 502.933
-0.00756216 504.466
-0.0105657 506
-0.0140913 507.533
-0.0184372 509.066
-0.0235751 510.6
-0.0295124 512.133
-0.0363274 513.666
-0.043639 515.2
-0.0513372 516.733
-0.0590827 518.266
-0.0664886 519.8
-0.0735172 521.333
-0.0798601 522.866
-0.0855774 524.4
-0.0907388 525.933
-0.0952428 527.466
-0.0993195 529
-0.102797 530.533
-0.105598 532.066
-0.107693 533.6
-0.108719 535.133
-0.108707 536.666
-0.107516 538.2
-0.105086 539.733
-0.101685 541.266
-0.0972939 542.8
-0.0922296 544.333
-0.0866864 545.866
-0.0806829 547.4
-0.0745048 548.933
-0.0680279 550.466
-0.0613118 552
-0.0544642 553.533
-0.0473471 555.066
-0.0402428 556.6
-0.033225 558.133
-0.0264557 559.666
-0.0202986 561.2
-0.0147824 562.733
-0.0101936 564.266
-0.00659744 565.8
-0.00393409 567.333
-0.00235314 568.866
-0.00162881 570.4
-0.0017969 571.933
-0.00286471 573.466
-0.00465738 575
-0.00737278 576.533
-0.0108893 578.066
-0.0151992 579.6
-0.0203871 581.133
-0.026187 582.666
-0.0326379 584.2
-0.0395341 585.733
-0.0466386 587.266
-0.0539577 588.8
-0.0611582 590.333
-0.0682142 591.866
-0.0750328 593.4
-0.0813672 594.933
-0.0873123 596.466
-0.0926376 598
-0.097283 599.533
-0.101272 601.066
-0.104363 602.6
-0.106659 604.133
-0.10804 605.666
-0.108424 607.2
-0.107926 608.733
-0.106354 610.266
-0.103833 611.8
-0.100383 613.333
-0.0959527 614.866
-0.0908216 616.4
-0.0849694 617.933
-0.0786043 619.466
-0.0719634 621
-0.065044 622.533
-0.0581301 624.066
-0.0512204 625.6
-0.0443677 627.133
-0.0377343 628.666
-0.0312181 630.2
-0.0250467 631.733
-0.0192924 633.266
-0.0140391 634.8
-0.00962631 636.333
-0.00604717 637.866
-0.00351882 639.4
-0.00214639 640.933
-0.00178471 642.466
-0.00253931 644
-0.00418433 645.533
-0.00661217 647.066
-0.00981972 648.6
-0.0135901 650.133
-0.0180566 651.666
-0.0231682 653.2
-0.0288926 654.733
-0.0353561 656.266
-0.0423144 657.8
-0.0497184 659.333
-0.0573508 660.866
-0.0648359 662.4
-0.0720703 663.933
-0.0787066 665.466
-0.0846485 667
-0.0899096 668.533
-0.0943766 670.066
-0.0982676 671.6
-0.101553 673.133
-0.104233 674.666
-0.106363 676.2
-0.107653 677.733
-0.108058 679.266
-0.107381 680.8
-0.105432 682.333
-0.102351 683.866
-0.098094 685.4
-0.0929333 686.933
-0.0871597 688.466
-0.0809116 690
-0.0745463 691.533
-0.0680688 693.066
-0.06153 694.6
-0.054983 696.133
-0.0482219 697.666
-0.0413856 699.2
-0.0344825 700.733
-0.0276242 702.266
-0.0212089 703.8
-0.0153721 705.333
-0.0104716 706.866
-0.00671866 708.4
-0.00408918 709.933
-0.00268742 711.466
-0.00226874 713
-0.00269924 714.533
-0.00387547 716.066
-0.00557622 717.6
-0.00793898 719.133
-0.0109506 720.666
-0.0147159 722.2
-0.0194502 723.733
-0.0250453 725.266
-0.031554 726.8
-0.038769 728.333
-0.0463509 729.866
-0.0541195 731.4
-0.0616379 732.933
-0.0687553 734.466
-0.075365 736
-0.0813245 737.533
-0.086834 739.066
-0.0918451 740.6
-0.0964152 742.133
-0.100601 743.666
-0.104134 745.2
-0.106965 746.733
-0.108823 748.266
-0.109478 749.8
-0.108952 751.333
-0.107098 752.866
-0.10413 754.4
-0.100238 755.933
-0.0955578 757.466
-0.0904537 759
-0.0849392 760.533
-0.0791342 762.066
-0.0731038 763.6
-0.0666631 765.133
-0.0599347 766.666
-0.0528611 768.2
-0.045516 769.733
-0.038201 771.266
-0.0310182 772.8
-0.0243429 774.333
-0.0183907 775.866
-0.0132714 777.4
-0.00921049 778.933
-0.00607563 780.466
-0.00389566 782
-0.00261753 783.533
-0.00205243 785.066
-0.0023325 786.6
-0.00336217 788.133
-0.00520692 789.666
-0.00802574 791.2
-0.0117114 792.733
-0.01639 794.266
-0.0219304 795.8
-0.0281439 797.333
-0.0349677 798.866
-0.0420355 800.4
-0.0492467 801.933
-0.0564346 803.466
-0.0633698 805
-0.0701346 806.533
-0.0765529 808.066
-0.0826198 809.6
-0.088354 811.133
-0.0935351 812.666
-0.0981915 814.2
-0.102115 815.733
-0.105154 817.266
-0.107303 818.8
-0.108334 820.333
-0.108335 821.866
-0.10729 823.4
-0.105175 824.933
-0.102215 826.466
-0.0983629 828
-0.0937788 829.533
-0.0885989 831.066
-0.0827917 832.6
-0.0765929 834.133
-0.0699952 835.666
-0.0631091 837.2
-0.0561204 838.733
-0.0489999 840.266
-0.0420046 841.8
-0.0351915 843.333
-0.0286504 844.866
-0.0226534 846.4
-0.0171706 847.933
-0.012436 849.466
-0.00856743 851
-0.0055297 852.533
-0.00353554 854.066
-0.0024714 855.6
-0.00234852 857.133
-0.00319976 858.666
-0.00483548 860.2
-0.00735719 861.733
-0.0106548 863.266
-0.0146889 864.8
-0.0195627 866.333
-0.0250893 867.866
-0.0313277 869.4
-0.0381531 870.933
-0.0453222 872.466
-0.0527868 874
-0.0601941 875.533
-0.0673951 877.066
-0.0742502 878.6
-0.0805155 880.133
-0.0862716 881.666
-0.0913873 883.2
-0.0958847 884.733
-0.099857 886.266
-0.103119 887.8
-0.105742 889.333
-0.107558 890.866
-0.108374 892.4
-0.108207 893.933
-0.106828 895.466
-0.104324 897
-0.10078 898.533
-0.0962486 900.066
-0.0910808 901.6
-0.0853462 903.133
-0.0792688 904.666
-0.0730222 906.2
-0.0665025 907.733
-0.0598745 909.266
-0.0530295 910.8
-0.045957 912.333
-0.0388713 913.866
-0.0317641 915.4
-0.0249917 916.933
-0.018808 918.466
-0.01338 920
-0.00905848 921.533
-0.00579673 923.066
-0.00365587 924.6
-0.00257306 926.133
-0.00227053 927.666
-0.00277588 929.2
-0.00388408 930.733
-0.00560323 932.266
-0.00811073 933.8
-0.0113537 935.333
-0.0155924 936.866
-0.0208191 938.4
-0.0269199 939.933
-0.0338766 941.466
-0.0412624 943
-0.048877 944.533
-0.0564299 946.066
-0.0635742 947.6
-0.07036 949.133
-0.076607 950.666
-0.082405 952.2
-0.0879084 953.733
-0.0929769 955.266
-0.0977411 956.8
-0.101984 958.333
-0.105462 959.866
-0.108079 961.4
-0.10945 962.933
-0.109576 964.466
-0.108423 966
-0.105995 967.533
-0.102671 969.066
-0.0985196 970.6
-0.0938362 972.133
-0.088842 973.666
-0.0834361 975.2
-0.0777854 976.733
-0.0717166 978.266
-0.065151 979.8
-0.0582094 981.333
-0.0508051 982.866
-0.0432711 984.4
-0.0358309 985.933
-0.028718 987.466
-0.0223734 989
-0.0168269 990.533
-0.012288 992.066
-0.00876976 993.6
-0.00605016 995.133
-0.00421337 996.666
-0.00302005 998.2
-0.00247578 999.733
-0.00273518 1001.27
-0.00372047 1002.8
-0.00574222 1004.33
-0.00882226 1005.87
-0.0129374 1007.4
-0.0181773 1008.93
-0.0241749 1010.47
-0.0308215 1012
-0.0378433 1013.53
-0.0448699 1015.07
-0.0519235 1016.6
-0.0587338 1018.13
-0.0653295 1019.67
-0.0718082 1021.2
-0.0779997 1022.73
-0.0840613 1024.27
-0.0897955 1025.8
-0.095026 1027.33
-0.0997003 1028.87
-0.103424 1030.4
-0.106191 1031.93
-0.107857 1033.47
-0.108295 1035
-0.107751 1036.53
-0.10613 1038.07
-0.103638 1039.6
-0.100442 1041.13
-0.096459 1042.67
-0.0919329 1044.2
-0.0867643 1045.73
-0.0809842 1047.27
-0.0747482 1048.8
-0.0679417 1050.33
-0.060857 1051.87
-0.0535717 1053.4
-0.0462041 1054.93
-0.0391232 1056.47
-0.0322982 1058
-0.0260098 1059.53
-0.0203879 1061.07
-0.0153576 1062.6
-0.0111814 1064.13
-0.00772737 1065.67
-0.00506223 1067.2
-0.00331718 1068.73
-0.00233014 1070.27
-0.00232617 1071.8
-0.00323407 1073.33
-0.00502837 1074.87
-0.00786842 1076.4
-0.0115148 1077.93
-0.0160631 1079.47
-0.021413 1081
-0.0273343 1082.53
-0.0339074 1084.07
-0.0408059 1085.6
-0.0479522 1087.13
-0.0552571 1088.67
-0.0623914 1090.2
-0.0694167 1091.73
-0.0760758 1093.27
-0.0822718 1094.8
-0.0880667 1096.33
-0.0931866 1097.87
-0.0977627 1099.4
-0.10167 1100.93
-0.104736 1102.47
-0.107074 1104
-0.108378 1105.53
-0.108674 1107.07
-0.107946 1108.6
-0.106029 1110.13
-0.103198 1111.67
-0.0993954 1113.2
-0.09481 1114.73
-0.0897083 1116.27
-0.084006 1117.8
-0.0780179 1119.33
-0.0716924 1120.87
-0.0649838 1122.4
-0.0581174 1123.93
-0.0509057 1125.47
-0.043597 1127
-0.0363717 1128.53
-0.0292929 1130.07
-0.0228303 1131.6
-0.0170312 1133.13
-0.0121332 1134.67
-0.00832513 1136.2
-0.00541054 1137.73
-0.00354565 1139.27
-0.00250335 1140.8
-0.00216229 1142.33
-0.00264683 1143.87
-0.00373395 1145.4
-0.0056695 1146.93
-0.00851578 1148.47
-0.012234 1150
-0.0170765 1151.53
-0.0227708 1153.07
-0.029265 1154.6
-0.0363838 1156.13
-0.0436582 1157.67
-0.0510625 1159.2
-0.0582218 1160.73
-0.0650194 1162.27
-0.0715744 1163.8
-0.0776683 1165.33
-0.083555 1166.87
-0.0891791 1168.4
-0.0943831 1169.93
-0.0992469 1171.47
-0.10333 1173
-0.106525 1174.53
-0.108639 1176.07
-0.109361 1177.6
-0.108908 1179.13
-0.107179 1180.67
-0.104409 1182.2
-0.100958 1183.73
-0.0967907 1185.27
-0.0922927 1186.8
-0.0874146 1188.33
-0.0820496 1189.87
-0.0763352 1191.4
-0.0699586 1192.93
-0.063067 1194.47
-0.055753 1196
-0.0480621 1197.53
-0.0405135 1199.07
-0.0332098 1200.6
-0.0265199 1202.13
-0.0207423 1203.67
-0.0157463 1205.2
-0.0117694 1206.73
-0.0085786 1208.27
-0.00603428 1209.8
-0.00425066 1211.33
-0.00296345 1212.87
-0.0024445 1214.4
-0.00279215 1215.93
-0.00403598 1217.47
-0.00655021 1219
-0.0101427 1220.53
-0.0148647 1222.07
-0.0206092 1223.6
-0.0269021 1225.13
-0.0337225 1226.67
-0.0406377 1228.2
-0.0474588 1229.73
-0.0542635 1231.27
-0.0607807 1232.8
-0.0672628 1234.33
-0.0736779 1235.87
-0.0799104 1237.4
-0.0861047 1238.93
-0.0918484 1240.47
-0.097057 1242
-0.101516 1243.53
-0.104822 1245.07
-0.107104 1246.6
-0.108126 1248.13
-0.107988 1249.67
-0.10696 1251.2
-0.104945 1252.73
-0.102309 1254.27
-0.099031 1255.8
-0.095062 1257.33
-0.0905826 1258.87
-0.0853059 1260.4
-0.0793879 1261.93
-0.0728522 1263.47
-0.0656659 1265
-0.0582727 1266.53
-0.0506748 1268.07
-0.0432178 1269.6
-0.0362242 1271.13
-0.0296191 1272.67
-0.0237682 1274.2
-0.0185575 1275.73
-0.0139532 1277.27
-0.0101428 1278.8
-0.00686529 1280.33
-0.00436373 1281.87
-0.00266277 1283.4
-0.00172399 1284.93
-0.00189871 1286.47
-0.00300853 1288
-0.00520148 1289.53
-0.00851464 1291.07
-0.012638 1292.6
-0.0177113 1294.13
-0.0234027 1295.67
-0.0295645 1297.2
-0.0362224 1298.73
-0.0429952 1300.27
-0.0500126 1301.8
-0.057098 1303.33
-0.0640679 1304.87
-0.071065 1306.4
-0.0777125 1307.93
-0.0840488 1309.47
-0.0899647 1311
-0.0951257 1312.53
-0.0996867 1314.07
-0.103329 1315.6
-0.106023 1317.13
-0.107859 1318.67
-0.108556 1320.2
-0.108366 1321.73
-0.10719 1323.27
-0.105014 1324.8
-0.102111 1326.33
-0.0982784 1327.87
-0.0937907 1329.4
-0.0886978 1330.93
-0.0829037 1332.47
-0.076762 1334
-0.0700919 1335.53
-0.063069 1337.07
-0.0559089 1338.6
-0.0484834 1340.13
-0.0412218 1341.67
-0.0341505 1343.2
-0.0274255 1344.73
-0.0214262 1346.27
-0.0160246 1347.8
-0.0115374 1349.33
-0.00795372 1350.87
-0.00513601 1352.4
-0.00332292 1353.93
-0.0022184 1355.47
-0.00193804 1357
-0.00256649 1358.53
-0.00391886 1360.07
-0.00633317 1361.6
-0.00966266 1363.13
-0.0139258 1364.67
-0.0192292 1366.2
-0.0251648 1367.73
-0.0317894 1369.27
-0.0387747 1370.8
-0.0458003 1372.33
-0.0529411 1373.87
-0.0597899 1375.4
-0.0664649 1376.93
-0.0729862 1378.47
-0.0791443 1380
-0.0852109 1381.53
-0.0908858 1383.07
-0.0960806 1384.6
-0.100744 1386.13
-0.104383 1387.67
-0.10707 1389.2
-0.108534 1390.73
-0.108674 1392.27
-0.107793 1393.8
-0.105739 1395.33
-0.102906 1396.87
-0.0994675 1398.4
-0.0953589 1399.93
-0.090934 1401.47
-0.0859295 1403
-0.0803655 1404.53
-0.0743109 1406.07
-0.0675044 1407.6
-0.0603021 1409.13
-0.0527327 1410.67
-0.0450309 1412.2
-0.0377032 1413.73
-0.0307478 1415.27
-0.0246058 1416.8
-0.0193283 1418.33
-0.0147695 1419.87
-0.0111354 1421.4
-0.00805105 1422.93
-0.00556855 1424.47
-0.00376056 1426
-0.00247065 1427.53
-0.00214339 1429.07
-0.00277052 1430.6
-0.00452179 1432.13
-0.00765105 1433.67
-0.0118219 1435.2
-0.0171206 1436.73
-0.023192 1438.27
-0.029619 1439.8
-0.0363991 1441.33
-0.0430547 1442.87
-0.0496539 1444.4
-0.0562425 1445.93
-0.0626649 1447.47
-0.0692633 1449
-0.0758187 1450.53
-0.0822914 1452.07
-0.0886369 1453.6
-0.0943198 1455.13
-0.0993328 1456.67
-0.103302 1458.2
-0.106005 1459.73
-0.107656 1461.27
-0.108035 1462.8
-0.107485 1464.33
-0.106179 1465.87
-0.104066 1467.4
-0.101499 1468.93
-0.0982296 1470.47
-0.0942728 1472
-0.0896453 1473.53
-0.0840392 1475.07
-0.0777479 1476.6
-0.0707172 1478.13
-0.0631382 1479.67
-0.0554974 1481.2
-0.0477927 1482.73
-0.0405213 1484.27
-0.033814 1485.8
-0.0276086 1487.33
-0.0221988 1488.87
-0.0172719 1490.4
-0.0129059 1491.93
-0.00916205 1493.47
-0.00584611 1495
-0.00336051 1496.53
-0.00166123 1498.07
-0.000921351 1499.6
-0.00145295 1501.13
-0.00301364 1502.67
-0.00581939 1504.2
-0.00966355 1505.73
-0.0142463 1507.27
-0.0196371 1508.8
-0.0253837 1510.33
-0.0315128 1511.87
-0.0379835 1513.4
-0.0445525 1514.93
-0.0514821 1516.47
-0.058507 1518
-0.0656025 1519.53
-0.0727805 1521.07
-0.0795824 1522.6
-0.0860767 1524.13
-0.0919347 1525.67
-0.096914 1527.2
-0.101143 1528.73
-0.10428 1530.27
-0.106507 1531.8
-0.10784 1533.33
-0.108141 1534.87
-0.107722 1536.4
-0.106355 1537.93
-0.104152 1539.47
-0.101218 1541
-0.097307 1542.53
-0.0927457 1544.07
-0.0874096 1545.6
-0.0813544 1547.13
-0.0749115 1548.67
-0.0679063 1550.2
-0.0607169 1551.73
-0.0534493 1553.27
-0.0460995 1554.8
-0.0391002 1556.33
-0.0323246 1557.87
-0.0260273 1559.4
-0.0203908 1560.93
-0.0152621 1562.47
-0.0110006 1564
-0.007457 1565.53
-0.00468418 1567.07
-0.00290689 1568.6
-0.0018698 1570.13
-0.00186347 1571.67
-0.0028329 1573.2
-0.00468251 1574.73
-0.00767006 1576.27
-0.0114749 1577.8
-0.0161841 1579.33
-0.021707 1580.87
-0.0276807 1582.4
-0.0342376 1583.93
-0.0409801 1585.47
-0.047821 1587
-0.0548102 1588.53
-0.0615824 1590.07
-0.0683579 1591.6
-0.0749661 1593.13
-0.0812578 1594.67
-0.0873791 1596.2
-0.0929064 1597.73
-0.0978591 1599.27
-0.102043 1600.8
-0.105111 1602.33
-0.107235 1603.87
-0.108115 1605.4
-0.107879 1606.93
-0.106744 1608.47
-0.104572 1610
-0.101787 1611.53
-0.0983309 1613.07
-0.0942011 1614.6
-0.0896192 1616.13
-0.0842608 1617.67
-0.0783124 1619.2
-0.0717614 1620.73
-0.0645517 1622.27
-0.0571351 1623.8
-0.0495031 1625.33
-0.0420535 1626.87
-0.0351149 1628.4
-0.0286414 1629.93
-0.0230172 1631.47
-0.018061 1633
-0.0137283 1634.53
-0.0101355 1636.07
-0.00695995 1637.6
-0.00446791 1639.13
-0.0026752 1640.67
-0.0016296 1642.2
-0.00176444 1643.73
-0.00294909 1645.27
-0.00541344 1646.8
-0.00914568 1648.33
-0.0137794 1649.87
-0.0193746 1651.4
-0.0254388 1652.93
-0.0317681 1654.47
-0.0383438 1656
-0.0447987 1657.53
-0.0513834 1659.07
-0.058026 1660.6
-0.0646862 1662.13
-0.071587 1663.67
-0.078356 1665.2
-0.0849937 1666.73
-0.0912333 1668.27
-0.0966114 1669.8
-0.101169 1671.33
-0.1045 1672.87
-0.106637 1674.4
-0.107771 1675.93
-0.107782 1677.47
-0.107103 1679
-0.105733 1680.53
-0.103691 1682.07
-0.101159 1683.6
-0.0977796 1685.13
-0.0936389 1686.67
-0.0886022 1688.2
-0.0825278 1689.73
-0.07578 1691.27
-0.0683192 1692.8
-0.0605664 1694.33
-0.0529101 1695.87
-0.0454002 1697.4
-0.0385108 1698.93
-0.0321481 1700.47
-0.0263129 1702
-0.0211224 1703.53
-0.0162399 1705.07
-0.0118773 1706.6
-0.00800783 1708.13
-0.00466234 1709.67
-0.0022812 1711.2
-0.000800953 1712.73
-0.000536035 1714.27
-0.00159456 1715.8
-0.00373674 1717.33
-0.00710353 1718.87
-0.0112875 1720.4
-0.0161068 1721.93
-0.021513 1723.47
-0.0271254 1725
-0.0331323 1726.53
-0.0394195 1728.07
-0.0459514 1729.6
-0.0529494 1731.13
-0.0600917 1732.67
-0.0674377 1734.2
-0.0747669 1735.73
-0.0816507 1737.27
-0.0881038 1738.8
-0.0936747 1740.33
-0.0982946 1741.87
-0.102015 1743.4
-0.104617 1744.93
-0.106421 1746.47
-0.107362 1748
-0.107481 1749.53
-0.106978 1751.07
-0.10556 1752.6
-0.103383 1754.13
-0.100328 1755.67
-0.0962271 1757.2
-0.0913711 1758.73
-0.0855918 1760.27
-0.0791646 1761.8
-0.0723567 1763.33
-0.0651438 1764.87
-0.0579831 1766.4
-0.0508478 1767.93
-0.0438526 1769.47
-0.0372448 1771
-0.0308172 1772.53
-0.0248557 1774.07
-0.0193519 1775.6
-0.0142951 1777.13
-0.0100445 1778.67
-0.00646762 1780.2
-0.00382459 1781.73
-0.00224362 1783.27
-0.00158262 1784.8
-0.00211236 1786.33
-0.00360975 1787.87
-0.00605617 1789.4
-0.00949991 1790.93
-0.0136054 1792.47
-0.0185119 1794
-0.0240005 1795.53
-0.0299131 1797.07
-0.036367 1798.6
-0.0430036 1800.13
-0.0499057 1801.67
-0.0569675 1803.2
-0.0639153 1804.73
-0.0708926 1806.27
-0.0775629 1807.8
-0.0838722 1809.33
-0.0897799 1810.87
-0.0949235 1812.4
-0.0994155 1813.93
-0.102993 1815.47
-0.105555 1817
-0.107246 1818.53
-0.107798 1820.07
-0.107456 1821.6
-0.106232 1823.13
-0.104047 1824.67
-0.101209 1826.2
-0.097525 1827.73
-0.0931159 1829.27
-0.0880716 1830.8
-0.0822134 1832.33
-0.0758434 1833.87
-0.0689065 1835.4
-0.0615714 1836.93
-0.0541941 1838.47
-0.0467542 1840
-0.0396764 1841.53
-0.0330522 1843.07
-0.0268958 1844.6
-0.021478 1846.13
-0.0165619 1847.67
-0.0122654 1849.2
-0.00861116 1850.73
-0.00546036 1852.27
-0.00314665 1853.8
-0.00161645 1855.33
-0.00107105 1856.87
-0.00176202 1858.4
-0.00352394 1859.93
-0.00656276 1861.47
-0.010649 1863
-0.0155253 1864.53
-0.0211643 1866.07
-0.027106 1867.6
-0.0333433 1869.13
-0.0397829 1870.67
-0.0462533 1872.2
-0.053006 1873.73
-0.0598644 1875.27
-0.0668781 1876.8
-0.0740264 1878.33
-0.0809137 1879.87
-0.0875135 1881.4
-0.0934096 1882.93
-0.0983406 1884.47
-0.10232 1886
-0.105057 1887.53
-0.106784 1889.07
-0.107595 1890.6
-0.107517 1892.13
-0.106883 1893.67
-0.105544 1895.2
-0.103562 1896.73
-0.100882 1898.27
-0.0972099 1899.8
-0.0926638 1901.33
-0.0870677 1902.87
-0.0805437 1904.4
-0.0734284 1905.93
-0.0657916 1907.47
-0.0581537 1909
-0.0507151 1910.53
-0.043601 1912.07
-0.037102 1913.6
-0.0309972 1915.13
-0.0253619 1916.67
-0.0201353 1918.2
-0.0151464 1919.73
-0.0106841 1921.27
-0.00671644 1922.8
-0.0035211 1924.33
-0.0014369 1925.87
-0.000439127 1927.4
-0.000835559 1928.93
-0.00248857 1930.47
-0.00520548 1932
-0.00894346 1933.53
-0.0132452 1935.07
-0.0180633 1936.6
-0.023259 1938.13
-0.0286818 1939.67
-0.0345833 1941.2
-0.0408405 1942.73
-0.0475814 1944.27
-0.0548351 1945.8
-0.0622721 1947.33
-0.0698734 1948.87
-0.0772052 1950.4
-0.0839534 1951.93
-0.0900214 1953.47
-0.0950398 1955
-0.0991285 1956.53
-0.102286 1958.07
-0.104521 1959.6
-0.106119 1961.13
-0.10695 1962.67
-0.10712 1964.2
-0.106584 1965.73
-0.105071 1967.27
-0.10269 1968.8
-0.0992037 1970.33
-0.0946572 1971.87
-0.0892765 1973.4
-0.0830327 1974.93
-0.0763509 1976.47
-0.0693903 1978
-0.0622879 1979.53
-0.0553688 1981.07
-0.0485132 1982.6
-0.0418843 1984.13
-0.035491 1985.67
-0.0292176 1987.2
-0.0233296 1988.73
-0.0177639 1990.27
-0.0127356 1991.8
-0.00852111 1993.33
-0.00511121 1994.87
-0.00283938 1996.4
-0.00168116 1997.93
-0.00161209 1999.47
-0.00271841 2001
-0.00470059 2002.53
-0.00759082 2004.07
-0.0112395 2005.6
-0.0154609 2007.13
-0.0203933 2008.67
-0.0258105 2010.2
-0.0317714 2011.73
-0.0382833 2013.27
-0.0450908 2014.8
-0.0522713 2016.33
-0.0595413 2017.87
-0.0667238 2019.4
-0.0737681 2020.93
-0.080325 2022.47
-0.0864218 2024
-0.0918894 2025.53
-0.0965809 2027.07
-0.100609 2028.6
-0.103732 2030.13
-0.106031 2031.67
-0.107491 2033.2
-0.107937 2034.73
-0.107557 2036.27
-0.106195 2037.8
-0.103886 2039.33
-0.100762 2040.87
-0.0966781 2042.4
-0.0918548 2043.93
-0.0862939 2045.47
-0.0800442 2047
-0.0733811 2048.53
-0.0662772 2050.07
-0.0590266 2051.6
-0.0517936 2053.13
-0.0446249 2054.67
-0.0378359 2056.2
-0.0313733 2057.73
-0.0253613 2059.27
-0.019914 2060.8
-0.0149181 2062.33
-0.0105928 2063.87
-0.00691146 2065.4
-0.00397103 2066.93
-0.00200578 2068.47
-0.000954917 2070
-0.00105475 2071.53
-0.00229202 2073.07
-0.00455569 2074.6
-0.00792386 2076.13
-0.0120855 2077.67
-0.0169639 2079.2
-0.022443 2080.73
-0.0282618 2082.27
-0.0345071 2083.8
-0.0410134 2085.33
-0.0477782 2086.87
-0.0548597 2088.4
-0.0620285 2089.93
-0.0693187 2091.47
-0.0764708 2093
-0.0832132 2094.53
-0.0894589 2096.07
-0.0948227 2097.6
-0.0992701 2099.13
-0.102744 2100.67
-0.105147 2102.2
-0.106727 2103.73
-0.107454 2105.27
-0.107455 2106.8
-0.106828 2108.33
-0.105401 2109.87
-0.103237 2111.4
-0.100134 2112.93
-0.0959982 2114.47
-0.090931 2116
-0.0848529 2117.53
-0.0780871 2119.07
-0.070859 2120.6
-0.0633768 2122.13
-0.0560615 2123.67
-0.04895 2125.2
-0.0422182 2126.73
-0.0359113 2128.27
-0.0298574 2129.8
-0.0241746 2131.33
-0.0187448 2132.87
-0.013668 2134.4
-0.00920559 2135.93
-0.00541702 2137.47
-0.00268739 2139
-0.00114821 2140.53
-0.000835366 2142.07
-0.0018724 2143.6
-0.00397323 2145.13
-0.0070249 2146.67
-0.0108119 2148.2
-0.0150438 2149.73
-0.0197595 2151.27
-0.0248054 2152.8
-0.0302793 2154.33
-0.0363204 2155.87
-0.0428329 2157.4
-0.0499488 2158.93
-0.0574493 2160.47
-0.0650752 2162
-0.0726522 2163.53
-0.0797103 2165.07
-0.0860924 2166.6
-0.0916034 2168.13
-0.0961012 2169.67
-0.0997631 2171.2
-0.102556 2172.73
-0.104665 2174.27
-0.106188 2175.8
-0.106998 2177.33
-0.107165 2178.87
-0.106425 2180.4
-0.104643 2181.93
-0.101804 2183.47
-0.0977323 2185
-0.0926677 2186.53
-0.0867548 2188.07
-0.0802 2189.6
-0.0734206 2191.13
-0.0664971 2192.67
-0.0596771 2194.2
-0.0530332 2195.73
-0.046445 2197.27
-0.0400279 2198.8
-0.0336301 2200.33
-0.0273257 2201.87
-0.0213138 2203.4
-0.0156441 2204.93
-0.0107048 2206.47
-0.00666828 2208
-0.00368879 2209.53
-0.00198359 2211.07
-0.00140731 2212.6
-0.00197513 2214.13
-0.00352208 2215.67
-0.00581873 2217.2
-0.00888405 2218.73
-0.0125079 2220.27
-0.0167459 2221.8
-0.0216663 2223.33
-0.027165 2224.87
-0.0333885 2226.4
-0.0401751 2227.93
-0.0473791 2229.47
-0.0548969 2231
-0.0623558 2232.53
-0.0696411 2234.07
-0.0765078 2235.6
-0.0827672 2237.13
-0.0884664 2238.67
-0.0934326 2240.2
-0.0977592 2241.73
-0.101454 2243.27
-0.104382 2244.8
-0.106643 2246.33
-0.108033 2247.87
-0.108481 2249.4
-0.10798 2250.93
-0.106345 2252.47
-0.103705 2254
-0.100055 2255.53
-0.0954711 2257.07
-0.0901963 2258.6
-0.0842442 2260.13
-0.0778644 2261.67
-0.0711706 2263.2
-0.064201 2264.73
-0.0571919 2266.27
-0.050109 2267.8
-0.0431066 2269.33
-0.0363277 2270.87
-0.0297674 2272.4
-0.0236783 2273.93
-0.0180854 2275.47
-0.0131119 2277
-0.00894485 2278.53
-0.0055406 2280.07
-0.00310425 2281.6
-0.00163748 2283.13
-0.00112779 2284.67
-0.00171643 2286.2
-0.00323568 2287.73
-0.00572367 2289.27
-0.00912297 2290.8
-0.0132383 2292.33
-0.0181147 2293.87
-0.0235516 2295.4
-0.0294994 2296.93
-0.0359444 2298.47
-0.0426929 2300
-0.0498042 2301.53
-0.0570909 2303.07
-0.0643994 2304.6
-0.0716755 2306.13
-0.0785709 2307.67
-0.0850021 2309.2
-0.0907814 2310.73
-0.0956881 2312.27
-0.0997904 2313.8
-0.102953 2315.33
-0.105256 2316.87
-0.106789 2318.4
-0.10748 2319.93
-0.107473 2321.47
-0.106636 2323
-0.104917 2324.53
-0.102321 2326.07
-0.0986561 2327.6
-0.0940555 2329.13
-0.0885457 2330.67
-0.0822369 2332.2
-0.0754723 2333.73
-0.0683508 2335.27
-0.06119 2336.8
-0.0541666 2338.33
-0.0472872 2339.87
-0.040734 2341.4
-0.0343727 2342.93
-0.0282395 2344.47
-0.0224265 2346
-0.0168835 2347.53
-0.0119256 2349.07
-0.00768468 2350.6
-0.00435664 2352.13
-0.00224912 2353.67
-0.00131108 2355.2
-0.00164591 2356.73
-0.00312743 2358.27
-0.00549509 2359.8
-0.00868537 2361.33
-0.012388 2362.87
-0.016572 2364.4
-0.0212519 2365.93
-0.0263515 2367.47
-0.0321109 2369
-0.0384696 2370.53
-0.0454058 2372.07
-0.052896 2373.6
-0.0605515 2375.13
-0.0682024 2376.67
-0.075492 2378.2
-0.0820928 2379.73
-0.0879601 2381.27
-0.0928871 2382.8
-0.0970072 2384.33
-0.100419 2385.87
-0.103119 2387.4
-0.105322 2388.93
-0.106858 2390.47
-0.107657 2392
-0.107627 2393.53
-0.106436 2395.07
-0.104119 2396.6
-0.100579 2398.13
-0.095878 2399.67
-0.0903526 2401.2
-0.0841145 2402.73
-0.0775606 2404.27
-0.0709102 2405.8
-0.0642156 2407.33
-0.0576854 2408.87
-0.0511452 2410.4
-0.044595 2411.93
-0.0380557 2413.47
-0.0314197 2415
-0.0249728 2416.53
-0.0188363 2418.07
-0.0132744 2419.6
-0.00866443 2421.13
-0.00506857 2422.67
-0.00273494 2424.2
-0.00161635 2425.73
-0.00155307 2427.27
-0.00253011 2428.8
-0.0042198 2430.33
-0.00659314 2431.87
-0.00961453 2433.4
-0.0131785 2434.93
-0.0175248 2436.47
-0.0226013 2438
-0.0284603 2439.53
-0.0351351 2441.07
-0.0423221 2442.6
-0.0499332 2444.13
-0.0576116 2445.67
-0.0650516 2447.2
-0.0721531 2448.73
-0.0786055 2450.27
-0.0844848 2451.8
-0.0897811 2453.33
-0.094433 2454.87
-0.0986486 2456.4
-0.10225 2457.93
-0.105218 2459.47
-0.107489 2461
-0.108749 2462.53
-0.109024 2464.07
-0.108123 2465.6
-0.10602 2467.13
-0.102901 2468.67
-0.0987282 2470.2
-0.0938182 2471.73
-0.0883073 2473.27
-0.0822744 2474.8
-0.0760004 2476.33
-0.069398 2477.87
-0.0626039 2479.4
-0.055694 2480.93
-0.0485984 2482.47
-0.0415798 2484
-0.0346403 2485.53
-0.0279728 2487.07
-0.0218455 2488.6
-0.0162658 2490.13
-0.0115488 2491.67
-0.00771581 2493.2
-0.00477984 2494.73
-0.00291068 2496.27
-0.00190423 2497.8
-0.00185161 2499.33
-0.0027175 2500.87
-0.00435139 2502.4
-0.006916 2503.93
-0.0102457 2505.47
-0.0143756 2507
-0.0193388 2508.53
-0.0249161 2510.07
-0.0311956 2511.6
-0.0379448 2513.13
-0.0450106 2514.67
-0.0523701 2516.2
-0.0596639 2517.73
-0.0668891 2519.27
-0.0738596 2520.8
-0.0803361 2522.33
-0.0863853 2523.87
-0.0917358 2525.4
-0.0963922 2526.93
-0.100344 2528.47
-0.103406 2530
-0.105734 2531.53
-0.10717 2533.07
-0.107711 2534.6
-0.107435 2536.13
-0.106116 2537.67
-0.103909 2539.2
-0.100734 2540.73
-0.0965571 2542.27
-0.0916343 2543.8
-0.0858942 2545.33
-0.0796226 2546.87
-0.0730067 2548.4
-0.0660823 2549.93
-0.0591924 2551.47
-0.0522655 2553
-0.0454204 2554.53
-0.0387901 2556.07
-0.0322208 2557.6
-0.0259908 2559.13
-0.0201106 2560.67
-0.0146964 2562.2
-0.0101125 2563.73
-0.00633808 2565.27
-0.00367068 2566.8
-0.00218117 2568.33
-0.00175074 2569.87
-0.00250333 2571.4
-0.00412629 2572.93
-0.00655687 2574.47
-0.00973214 2576
-0.0133914 2577.53
-0.0177295 2579.07
-0.022633 2580.6
-0.0281309 2582.13
-0.034392 2583.67
-0.0411522 2585.2
-0.0484578 2586.73
-0.0560612 2588.27
-0.0636005 2589.8
-0.0709942 2591.33
-0.0778081 2592.87
-0.0839786 2594.4
-0.0894559 2595.93
-0.0940877 2597.47
-0.098143 2599
-0.101519 2600.53
-0.104282 2602.07
-0.106514 2603.6
-0.107888 2605.13
-0.108447 2606.67
-0.107932 2608.2
-0.106148 2609.73
-0.103247 2611.27
-0.0990903 2612.8
-0.0940039 2614.33
-0.0882442 2615.87
-0.0819403 2617.4
-0.0755518 2618.93
-0.0690377 2620.47
-0.0625151 2622
-0.056059 2623.53
-0.0493933 2625.07
-0.0426911 2626.6
-0.0358681 2628.13
-0.029009 2629.67
-0.0225078 2631.2
-0.0164334 2632.73
-0.011239 2634.27
-0.0071229 2635.8
-0.00410194 2637.33
-0.0023982 2638.87
-0.0017018 2640.4
-0.00195531 2641.93
-0.00305131 2643.47
-0.0046725 2645
-0.00701441 2646.53
-0.00996991 2648.07
-0.0136371 2649.6
-0.0182753 2651.13
-0.0237124 2652.67
-0.0300999 2654.2
-0.0372195 2655.73
-0.044732 2657.27
-0.0525345 2658.8
-0.0600956 2660.33
-0.0673048 2661.87
-0.0740305 2663.4
-0.0800483 2664.93
-0.0856355 2666.47
-0.0906737 2668
-0.0952571 2669.53
-0.0995152 2671.07
-0.103129 2672.6
-0.106152 2674.13
-0.108284 2675.67
-0.109261 2677.2
-0.109141 2678.73
-0.107651 2680.27
-0.105019 2681.8
-0.101395 2683.33
-0.0968423 2684.87
-0.0918149 2686.4
-0.0862801 2687.93
-0.0804179 2689.47
-0.0743587 2691
-0.0678777 2692.53
-0.0611856 2694.07
-0.0541653 2695.6
-0.0468792 2697.13
-0.0396533 2698.67
-0.032474 2700.2
-0.0257911 2701.73
-0.0197839 2703.27
-0.0145221 2704.8
-0.0103487 2706.33
-0.00704861 2707.87
-0.00470334 2709.4
-0.00330167 2710.93
-0.00256776 2712.47
-0.00271564 2714
-0.00358176 2715.53
-0.00522457 2717.07
-0.00785401 2718.6
-0.011274 2720.13
-0.0157112 2721.67
-0.0210161 2723.2
-0.026988 2724.73
-0.0336871 2726.27
-0.0406577 2727.8
-0.0478654 2729.33
-0.0551578 2730.87
-0.0621995 2732.4
-0.0691508 2733.93
-0.075724 2735.47
-0.081894 2737
-0.0877251 2738.53
-0.0928901 2740.07
-0.0975305 2741.6
-0.101426 2743.13
-0.104419 2744.67
-0.10663 2746.2
-0.107739 2747.73
-0.1079 2749.27
-0.107089 2750.8
-0.105174 2752.33
-0.102466 2753.87
-0.0988013 2755.4
-0.094353 2756.93
-0.0893112 2758.47
-0.0835448 2760
-0.0774192 2761.53
-0.070883 2763.07
-0.0640264 2764.6
-0.0571381 2766.13
-0.050043 2767.67
-0.0430643 2769.2
-0.0362472 2770.73
-0.0295702 2772.27
-0.023433 2773.8
-0.0177253 2775.33
-0.0127202 2776.87
-0.00863412 2778.4
-0.00536083 2779.93
-0.00323918 2781.47
-0.00210948 2783
-0.00195971 2784.53
-0.00288385 2786.07
-0.00453189 2787.6
-0.0070649 2789.13
-0.0103262 2790.67
-0.0141884 2792.2
-0.0188978 2793.73
-0.0241821 2795.27
-0.030181 2796.8
-0.0368627 2798.33
-0.0439004 2799.87
-0.0513811 2801.4
-0.0588686 2802.93
-0.0661785 2804.47
-0.0732314 2806
-0.0796212 2807.53
-0.0855198 2809.07
-0.0907702 2810.6
-0.0953382 2812.13
-0.0994713 2813.67
-0.102879 2815.2
-0.105702 2816.73
-0.107804 2818.27
-0.108854 2819.8
-0.108976 2821.33
-0.107815 2822.87
-0.105434 2824.4
-0.102006 2825.93
-0.097443 2827.47
-0.0922457 2829
-0.0864844 2830.53
-0.08034 2832.07
-0.0741555 2833.6
-0.0676951 2835.13
-0.061175 2836.67
-0.0545086 2838.2
-0.0475268 2839.73
-0.0405471 2841.27
-0.0334468 2842.8
-0.026565 2844.33
-0.0202436 2845.87
-0.0145345 2847.4
-0.00993545 2848.93
-0.00638007 2850.47
-0.00390941 2852
-0.00261414 2853.53
-0.0020729 2855.07
-0.00239488 2856.6
-0.00338558 2858.13
-0.00491172 2859.67
-0.00729179 2861.2
-0.0103654 2862.73
-0.0144059 2864.27
-0.0195086 2865.8
-0.025444 2867.33
-0.032337 2868.87
-0.0397133 2870.4
-0.0473257 2871.93
-0.0549896 2873.47
-0.0621844 2875
-0.0690312 2876.53
-0.0753383 2878.07
-0.081084 2879.6
-0.086585 2881.13
-0.0916064 2882.67
-0.0963429 2884.2
-0.100679 2885.73
-0.104251 2887.27
-0.107112 2888.8
-0.108788 2890.33
-0.109223 2891.87
-0.108471 2893.4
-0.106346 2894.93
-0.1033 2896.47
-0.0993801 2898
-0.0947816 2899.53
-0.0898826 2901.07
-0.0844796 2902.6
-0.0788106 2904.13
-0.0727783 2905.67
-0.0661958 2907.2
-0.0593274 2908.73
-0.0519827 2910.27
-0.0444747 2911.8
-0.0371053 2913.33
-0.029934 2914.87
-0.0235324 2916.4
-0.0178932 2917.93
-0.0131666 2919.47
-0.0095564 2921
-0.00670286 2922.53
-0.00477461 2924.07
-0.00358025 2925.6
-0.00295891 2927.13
-0.00319398 2928.67
-0.00407791 2930.2
-0.00589518 2931.73
-0.00876739 2933.27
-0.0125383 2934.8
-0.0174754 2936.33
-0.0232091 2937.87
-0.0296103 2939.4
-0.0365873 2940.93
-0.0436084 2942.47
-0.0507659 2944
-0.0577853 2945.53
-0.0645161 2947.07
-0.0711824 2948.6
-0.0774729 2950.13
-0.0835563 2951.67
-0.0893439 2953.2
-0.0945257 2954.73
-0.0992273 2956.27
-0.103013 2957.8
-0.10583 2959.33
-0.10768 2960.87
-0.108256 2962.4
-0.107878 2963.93
-0.106443 2965.47
-0.10403 2967
-0.10096 2968.53
-0.0970282 2970.07
-0.0925385 2971.6
-0.0874766 2973.13
-0.0817385 2974.67
-0.0756513 2976.2
-0.068992 2977.73
-0.0620059 2979.27
-0.0548817 2980.8
-0.0475187 2982.33
-0.0403971 2983.87
-0.033466 2985.4
-0.0268987 2986.93
-0.0210353 2988.47
-0.0156876 2990
-0.0112106 2991.53
-0.00757635 2993.07
-0.00471243 2994.6
-0.00291332 2996.13
-0.00189634 2997.67
-0.00184463 2999.2
-0.00277783 3000.73
-0.00446564 3002.27
-0.00720883 3003.8
-0.010734 3005.33
-0.0150592 3006.87
-0.0202917 3008.4
-0.026047 3009.93
-0.0324988 3011.47
-0.0393845 3013
-0.0464623 3014.53
-0.0538149 3016.07
-0.0609825 3017.6
-0.0680182 3019.13
-0.074784 3020.67
-0.0810007 3022.2
-0.0868996 3023.73
-0.0921654 3025.27
-0.0968545 3026.8
-0.101027 3028.33
-0.104327 3029.87
-0.10695 3031.4
-0.108605 3032.93
-0.109149 3034.47
-0.108726 3036
-0.107009 3037.53
-0.104282 3039.07
-0.100598 3040.6
-0.0959652 3042.13
-0.0908585 3043.67
-0.085157 3045.2
-0.0791222 3046.73
-0.0729098 3048.27
-0.066285 3049.8
-0.0595566 3051.33
-0.0525436 3052.87
-0.0453099 3054.4
-0.0381843 3055.93
-0.031075 3057.47
-0.0244748 3059
-0.0185393 3060.53
-0.013363 3062.07
-0.00933571 3063.6
-0.00620128 3065.13
-0.00408847 3066.67
-0.00292311 3068.2
-0.00237587 3069.73
-0.00268495 3071.27
-0.00360727 3072.8
-0.00525412 3074.33
-0.00789097 3075.87
-0.0113394 3077.4
-0.0159304 3078.93
-0.0215048 3080.47
-0.0278586 3082
-0.034999 3083.53
-0.0423411 3085.07
-0.0498059 3086.6
-0.0571251 3088.13
-0.0639528 3089.67
-0.0705334 3091.2
-0.0766153 3092.73
-0.082356 3094.27
-0.0879227 3095.8
-0.0930232 3097.33
-0.0978512 3098.87
-0.102053 3100.4
-0.105364 3101.93
-0.107773 3103.47
-0.108808 3105
-0.10864 3106.53
-0.107266 3108.07
-0.104685 3109.6
-0.101408 3111.13
-0.0973771 3112.67
-0.0928903 3114.2
-0.0881163 3115.73
-0.0827989 3117.27
-0.0771652 3118.8
-0.0709408 3120.33
-0.064103 3121.87
-0.0568967 3123.4
-0.0492074 3124.93
-0.0415642 3126.47
-0.0341856 3128
-0.0272744 3129.53
-0.0213428 3131.07
-0.0162233 3132.6
-0.0121064 3134.13
-0.00894703 3135.67
-0.00639497 3137.2
-0.0046452 3138.73
-0.00342242 3140.27
-0.0028162 3141.8
-0.00309747 3143.33
-0.00414619 3144.87
-0.00638161 3146.4
-0.00974194 3147.93
-0.0141365 3149.47
-0.0196706 3151
-0.0258093 3152.53
-0.0324985 3154.07
-0.0394646 3155.6
-0.0463069 3157.13
-0.0532142 3158.67
-0.0598878 3160.2
-0.0664306 3161.73
-0.0729935 3163.27
-0.0792961 3164.8
-0.0855453 3166.33
-0.0914207 3167.87
-0.0966764 3169.4
-0.101295 3170.93
-0.104765 3172.47
-0.107179 3174
-0.108433 3175.53
-0.10841 3177.07
-0.107509 3178.6
-0.105605 3180.13
-0.102964 3181.67
-0.0997591 3183.2
-0.0957972 3184.73
-0.0913668 3186.27
-0.0862366 3187.8
-0.0804089 3189.33
-0.0740931 3190.87
-0.0670785 3192.4
-0.0597889 3193.93
-0.0523308 3195.47
-0.0448074 3197
-0.0377166 3198.53
-0.0309416 3200.07
-0.0247694 3201.6
-0.0193194 3203.13
-0.014398 3204.67
-0.0103166 3206.2
-0.00687555 3207.73
-0.00415996 3209.27
-0.00238689 3210.8
-0.00135239 3212.33
-0.0014035 3213.87
-0.00246373 3215.4
-0.00446945 3216.93
-0.00764362 3218.47
-0.0116143 3220
-0.0164656 3221.53
-0.0220741 3223.07
-0.0281032 3224.6
-0.0347038 3226.13
-0.0415118 3227.67
-0.0484851 3229.2
-0.0556315 3230.73
-0.0625933 3232.27
-0.0695388 3233.8
-0.0762065 3235.33
-0.0824631 3236.87
-0.0884194 3238.4
-0.0936845 3239.93
-0.098378 3241.47
-0.102354 3243
-0.105361 3244.53
-0.107582 3246.07
-0.10869 3247.6
-0.108763 3249.13
-0.107868 3250.67
-0.105808 3252.2
-0.102941 3253.73
-0.0991698 3255.27
-0.0946195 3256.8
-0.0895848 3258.33
-0.0838696 3259.87
-0.0777944 3261.4
-0.0713368 3262.93
-0.0644285 3264.47
-0.0574003 3266
-0.0500914 3267.53
-0.0427954 3269.07
-0.0357331 3270.6
-0.0289049 3272.13
-0.0227833 3273.67
-0.0173191 3275.2
-0.0126742 3276.73
-0.00903832 3278.27
-0.00613105 3279.8
-0.00416745 3281.33
-0.00297448 3282.87
-0.00244569 3284.4
-0.00283185 3285.93
-0.00391639 3287.47
-0.00596143 3289
-0.00904726 3290.53
-0.0130382 3292.07
-0.0181633 3293.6
-0.0240728 3295.13
-0.0306531 3296.67
-0.037755 3298.2
-0.0448828 3299.73
-0.0520846 3301.27
-0.0590474 3302.8
-0.0656735 3304.33
-0.072161 3305.87
-0.0782554 3307.4
-0.0841822 3308.93
-0.0898556 3310.47
-0.0950162 3312
-0.0997395 3313.53
-0.103554 3315.07
-0.106363 3316.6
-0.108078 3318.13
-0.108413 3319.67
-0.107685 3321.2
-0.10585 3322.73
-0.103101 3324.27
-0.0998087 3325.8
-0.0958464 3327.33
-0.0915025 3328.87
-0.0866903 3330.4
-0.081238 3331.93
-0.0753037 3333.47
-0.0686202 3335
-0.0614055 3336.53
-0.0538496 3338.07
-0.0460341 3339.6
-0.0385348 3341.13
-0.0314383 3342.67
-0.0250429 3344.2
-0.01962 3345.73
-0.0149384 3347.27
-0.0111864 3348.8
-0.00813995 3350.33
-0.0056387 3351.87
-0.00386482 3353.4
-0.00260921 3354.93
-0.00217781 3356.47
-0.00272458 3358
-0.00425313 3359.53
-0.00711367 3361.07
-0.0110605 3362.6
-0.0160586 3364.13
-0.0219758 3365.67
-0.0282953 3367.2
-0.0350116 3368.73
-0.0417591 3370.27
-0.0483892 3371.8
-0.0550766 3373.33
-0.0615958 3374.87
-0.0682005 3376.4
-0.07486 3377.93
-0.0813702 3379.47
-0.0878098 3381
-0.0936974 3382.53
-0.0988724 3384.07
-0.103143 3385.6
-0.106119 3387.13
-0.10799 3388.67
-0.108626 3390.2
-0.108163 3391.73
-0.106934 3393.27
-0.104851 3394.8
-0.102225 3396.33
-0.0990075 3397.87
-0.095071 3399.4
-0.0905583 3400.93
-0.0851672 3402.47
-0.0790477 3404
-0.0722964 3405.53
-0.0649008 3407.07
-0.0573592 3408.6
-0.0497369 3410.13
-0.0423318 3411.67
-0.0354782 3413.2
-0.0290586 3414.73
-0.0233445 3416.27
-0.0182242 3417.8
-0.0136115 3419.33
-0.00969228 3420.87
-0.00626434 3422.4
-0.00358852 3423.93
-0.00177663 3425.47
-0.000828127 3427
-0.0011111 3428.53
-0.00247315 3430.07
-0.0049846 3431.6
-0.00865084 3433.13
-0.0130962 3434.67
-0.0183688 3436.2
-0.0241512 3437.73
-0.0302594 3439.27
-0.0367549 3440.8
-0.0433411 3442.33
-0.0501595 3443.87
-0.0571236 3445.4
-0.0640604 3446.93
-0.0710855 3448.47
-0.0778388 3450
-0.0842624 3451.53
-0.0902258 3453.07
-0.0953786 3454.6
-0.0998226 3456.13
-0.10331 3457.67
-0.105816 3459.2
-0.10747 3460.73
-0.108062 3462.27
-0.107817 3463.8
-0.106668 3465.33
-0.10456 3466.87
-0.101718 3468.4
-0.0979359 3469.93
-0.0934058 3471.47
-0.0882084 3473
-0.0822552 3474.53
-0.0758835 3476.07
-0.0690318 3477.6
-0.0618688 3479.13
-0.0546518 3480.67
-0.0473282 3482.2
-0.0402529 3483.73
-0.0334749 3485.27
-0.0270995 3486.8
-0.0214153 3488.33
-0.016297 3489.87
-0.0119735 3491.4
-0.00845494 3492.93
-0.0056302 3494.47
-0.00373202 3496
-0.00258659 3497.53
-0.0023041 3499.07
-0.00300543 3500.6
-0.00455606 3502.13
-0.00719313 3503.67
-0.0107853 3505.2
-0.0152805 3506.73
-0.0207082 3508.27
-0.0267076 3509.8
-0.0332741 3511.33
-0.0401519 3512.87
-0.0470808 3514.4
-0.0541199 3515.93
-0.0609719 3517.47
-0.0676998 3519
-0.0742979 3520.53
-0.0805636 3522.07
-0.0866333 3523.6
-0.0922265 3525.13
-0.0972157 3526.67
-0.101524 3528.2
-0.104769 3529.73
-0.107011 3531.27
-0.108091 3532.8
-0.107969 3534.33
-0.106922 3535.87
-0.104878 3537.4
-0.102127 3538.93
-0.0987955 3540.47
-0.0948078 3542
-0.0903657 3543.53
-0.0852544 3545.07
-0.0794787 3546.6
-0.0730986 3548.13
-0.0659991 3549.67
-0.058532 3551.2
-0.0508149 3552.73
-0.0431277 3554.27
-0.035913 3555.8
-0.0291975 3557.33
-0.0232951 3558.87
-0.0182132 3560.4
-0.013799 3561.93
-0.0101634 3563.47
-0.00704823 3565
-0.00452243 3566.53
-0.00269665 3568.07
-0.00155316 3569.6
-0.00146804 3571.13
-0.00246496 3572.67
-0.00466287 3574.2
-0.00817158 3575.73
-0.012662 3577.27
-0.0180943 3578.8
-0.0241248 3580.33
-0.0304125 3581.87
-0.0369401 3583.4
-0.0434053 3584.93
-0.0499085 3586.47
-0.0565194 3588
-0.0631554 3589.53
-0.0700254 3591.07
-0.0769029 3592.6
-0.083654 3594.13
-0.0901168 3595.67
-0.0958121 3597.2
-0.100646 3598.73
-0.104334 3600.27
-0.106749 3601.8
-0.10808 3603.33
-0.108276 3604.87
-0.107637 3606.4
-0.106309 3607.93
-0.104288 3609.47
-0.101762 3611
-0.0984994 3612.53
-0.0944732 3614.07
-0.0896385 3615.6
-0.0838097 3617.13
-0.0772515 3618.67
-0.0700172 3620.2
-0.0623724 3621.73
-0.0547549 3623.27
-0.0472565 3624.8
-0.0402449 3626.33
-0.0337929 3627.87
-0.0278325 3629.4
-0.0224831 3630.93
-0.0175125 3632.47
-0.0129877 3634
-0.0089739 3635.53
-0.005462 3637.07
-0.00282282 3638.6
-0.00111861 3640.13
-0.000554081 3641.67
-0.00132794 3643.2
-0.00324944 3644.73
-0.00637371 3646.27
-0.0104449 3647.8
-0.0151863 3649.33
-0.0205451 3650.87
-0.0262028 3652.4
-0.0321897 3653.93
-0.0384809 3655.47
-0.0449769 3657
-0.051845 3658.53
-0.0588903 3660.07
-0.0660586 3661.6
-0.0732411 3663.13
-0.0800633 3664.67
-0.0864594 3666.2
-0.0921304 3667.73
-0.096912 3669.27
-0.100844 3670.8
-0.103752 3672.33
-0.105804 3673.87
-0.107008 3675.4
-0.107336 3676.93
-0.106959 3678.47
-0.105695 3680
-0.103595 3681.53
-0.100652 3683.07
-0.0967081 3684.6
-0.0919634 3686.13
-0.0863731 3687.67
-0.0800759 3689.2
-0.073339 3690.73
-0.0661923 3692.27
-0.0589618 3693.8
-0.051752 3695.33
-0.0446568 3696.87
-0.0379154 3698.4
-0.0314544 3699.93
-0.0254606 3701.47
-0.019996 3703
-0.0150304 3704.53
-0.0108141 3706.07
-0.00728948 3707.6
-0.00458841 3709.13
-0.00285562 3710.67
-0.00200112 3712.2
-0.00221059 3713.73
-0.00340754 3715.27
-0.00556053 3716.8
-0.00873136 3718.33
-0.0126966 3719.87
-0.0174962 3721.4
-0.0229757 3722.93
-0.0289442 3724.47
-0.0354291 3726
-0.0421473 3727.53
-0.0490717 3729.07
-0.0561331 3730.6
-0.063108 3732.13
-0.070069 3733.67
-0.0767973 3735.2
-0.0831967 3736.73
-0.0892213 3738.27
-0.094559 3739.8
-0.0992081 3741.33
-0.102959 3742.87
-0.105657 3744.4
-0.1074 3745.93
-0.108027 3747.47
-0.107694 3749
-0.106501 3750.53
-0.104428 3752.07
-0.101703 3753.6
-0.0982422 3755.13
-0.0940877 3756.67
-0.0892841 3758.2
-0.0836851 3759.73
-0.0774644 3761.27
-0.0706122 3762.8
-0.0632689 3764.33
-0.0557614 3765.87
-0.04817 3767.4
-0.0408672 3768.93
-0.0340243 3770.47
-0.0276893 3772
-0.0220793 3773.53
-0.0170497 3775.07
-0.0126413 3776.6
-0.00887323 3778.13
-0.00564264 3779.67
-0.00318043 3781.2
-0.00150444 3782.73
-0.000790306 3784.27
-0.00126606 3785.8
-0.00285563 3787.33
-0.00570187 3788.87
-0.00963397 3790.4
-0.0144077 3791.93
-0.0199341 3793.47
-0.0258196 3795
-0.0319789 3796.53
-0.0383182 3798.07
-0.0447022 3799.6
-0.0513179 3801.13
-0.058075 3802.67
-0.0650204 3804.2
-0.0721486 3805.73
-0.0791414 3807.27
-0.0859079 3808.8
-0.0920773 3810.33
-0.097347 3811.87
-0.101643 3813.4
-0.104716 3814.93
-0.106695 3816.47
-0.107674 3818
-0.107726 3819.53
-0.107134 3821.07
-0.10584 3822.6
-0.103917 3824.13
-0.101319 3825.67
-0.0978027 3827.2
-0.093431 3828.73
-0.0880527 3830.27
-0.0817441 3831.8
-0.0747909 3833.33
-0.0673005 3834.87
