NLGAnsys500kN

Analysis Parameters
Number of time or load step, tolerance
1500 0.000000001

Materials
1
Number, Young, PlastStrain, Hardening, Density, Expansion coefficient - (para análises lineares basta colocar o termo PlastStrain muito alto - 10000000000000000000000.0)
0 210000000.0 1000000000000000.0012 30000000.0 0.0 0.000014

Nodes
30
Number, X1, X2, X3
0	0.00	0.00	0.00
1	4.00	0.00	0.00
2	8.00	0.00	0.00
3	12.00	0.00	0.00
4	16.00	0.00	0.00
5	16.00	3.00	0.00
6	12.00	3.00	0.00
7	8.00	3.00	0.00
8	4.00	3.00	0.00
9	0.00	3.00	0.00
10	0.00	0.00	8.00
11	4.00	0.00	8.00
12	8.00	0.00	8.00
13	12.00	0.00	8.00
14	16.00	0.00	8.00
15	16.00	3.00	8.00
16	12.00	3.00	8.00
17	8.00	3.00	8.00
18	4.00	3.00	8.00
19	0.00	3.00	8.00
20	0.00	0.00	16.00
21	4.00	0.00	16.00
22	8.00	0.00	16.00
23	12.00	0.00	16.00
24	16.00	0.00	16.00
25	16.00	3.00	16.00
26	12.00	3.00	16.00
27	8.00	3.00	16.00
28	4.00	3.00	16.00
29	0.00	3.00	16.00

Elements
85
Number, Initial Node, End Node, Type Materials, Area
0	0	1	0	0.0012
1	1	2	0	0.0012
2	2	3	0	0.0012
3	3	4	0	0.0012
4	4	5	0	0.0012
5	5	6	0	0.0012
6	6	7	0	0.0012
7	7	8	0	0.0012
8	8	9	0	0.0012
9	9	0	0	0.0012
10	8	1	0	0.0012
11	7	2	0	0.0012
12	6	3	0	0.0012
13	10	11	0	0.0012
14	11	12	0	0.0012
15	12	13	0	0.0012
16	13	14	0	0.0012
17	14	15	0	0.0012
18	15	16	0	0.0012
19	16	17	0	0.0012
20	17	18	0	0.0012
21	18	19	0	0.0012
22	19	10	0	0.0012
23	18	11	0	0.0012
24	17	12	0	0.0012
25	16	13	0	0.0012
26	20	21	0	0.0012
27	21	22	0	0.0012
28	22	23	0	0.0012
29	23	24	0	0.0012
30	24	25	0	0.0012
31	25	26	0	0.0012
32	26	27	0	0.0012
33	27	28	0	0.0012
34	28	29	0	0.0012
35	20	29	0	0.0012
36	28	21	0	0.0012
37	22	27	0	0.0012
38	23	26	0	0.0012
39	20	10	0	0.0012
40	10	0	0	0.0012
41	29	19	0	0.0012
42	19	9	0	0.0012
43	21	11	0	0.0012
44	28	18	0	0.0012
45	11	1	0	0.0012
46	18	8	0	0.0012
47	22	12	0	0.0012
48	27	17	0	0.0012
49	12	2	0	0.0012
50	17	7	0	0.0012
51	23	13	0	0.0012
52	26	16	0	0.0012
53	13	3	0	0.0012
54	16	6	0	0.0012
55	24	14	0	0.0012
56	25	15	0	0.0012
57	15	5	0	0.0012
58	14	4	0	0.0012
59	25	23	0	0.0012
60	29	21	0	0.0012
61	19	11	0	0.0012
62	9	1	0	0.0012
63	15	13	0	0.0012
64	5	3	0	0.0012
65	8	2	0	0.0012
66	6	2	0	0.0012
67	18	12	0	0.0012
68	16	12	0	0.0012
69	28	22	0	0.0012
70	26	22	0	0.0012
71	19	20	0	0.0012
72	19	0	0	0.0012
73	21	18	0	0.0012
74	18	1	0	0.0012
75	22	17	0	0.0012
76	17	2	0	0.0012
77	23	16	0	0.0012
78	16	3	0	0.0012
79	15	24	0	0.0012
80	15	4	0	0.0012
81	20	18	0	0.0012
82	18	0	0	0.0012
83	24	16	0	0.0012
84	16	4	0	0.0012

Loaded Nodes, 
0
Number, X1, X2, X3

Elements with temperature variation
22
Number DeltaTemperature
0   600
1   600
2   600
3   600
13  600
14  600
15  600
16  600
26  600
27  600
28  600
29  600
39  600
40  600
43  600
45  600
47  600
49  600
51  600
53  600
55  600
58  600

Nodes with Boundary (1 p/ deslocamento restringido)
10
Number, X1, X2, X3
0	1	1	1
1   1   1   1
2   1   1   1
3   1   1   1
4   1   1   1   
20	1	1	1
21  1   1   1
22  1   1   1
23  1   1   1
24  1   1   1




