0 0
-6.64925e-06 0.4
-1.33001e-05 0.8
-1.99526e-05 1.2
-2.66067e-05 1.6
-3.32625e-05 2
-3.99198e-05 2.4
-4.65788e-05 2.8
-5.32394e-05 3.2
-5.99016e-05 3.6
-6.65654e-05 4
-7.32309e-05 4.4
-7.9898e-05 4.8
-8.65667e-05 5.2
-9.3237e-05 5.6
-9.99089e-05 6
-0.000106582 6.4
-0.000113258 6.8
-0.000119934 7.2
-0.000126613 7.6
-0.000133293 8
-0.000139975 8.4
-0.000146658 8.8
-0.000153343 9.2
-0.000160029 9.6
-0.000166718 10
-0.000173407 10.4
-0.000180099 10.8
-0.000186792 11.2
-0.000193486 11.6
-0.000200183 12
-0.000206881 12.4
-0.00021358 12.8
-0.000220281 13.2
-0.000226984 13.6
-0.000233689 14
-0.000240395 14.4
-0.000247102 14.8
-0.000253811 15.2
-0.000260522 15.6
-0.000267235 16
-0.000273949 16.4
-0.000280665 16.8
-0.000287382 17.2
-0.000294101 17.6
-0.000300822 18
-0.000307544 18.4
-0.000314268 18.8
-0.000320994 19.2
-0.000327721 19.6
-0.00033445 20
-0.00034118 20.4
-0.000347912 20.8
-0.000354646 21.2
-0.000361381 21.6
-0.000368118 22
-0.000374857 22.4
-0.000381597 22.8
-0.000388339 23.2
-0.000395082 23.6
-0.000401827 24
-0.000408574 24.4
-0.000415322 24.8
-0.000422072 25.2
-0.000428824 25.6
-0.000435577 26
-0.000442332 26.4
-0.000449088 26.8
-0.000455846 27.2
-0.000462606 27.6
-0.000469367 28
-0.00047613 28.4
-0.000482895 28.8
-0.000489661 29.2
-0.000496429 29.6
-0.000503199 30
-0.00050997 30.4
-0.000516743 30.8
-0.000523517 31.2
-0.000530293 31.6
-0.000537071 32
-0.00054385 32.4
-0.000550631 32.8
-0.000557414 33.2
-0.000564198 33.6
-0.000570984 34
-0.000577771 34.4
-0.00058456 34.8
-0.000591351 35.2
-0.000598143 35.6
-0.000604937 36
-0.000611733 36.4
-0.00061853 36.8
-0.000625329 37.2
-0.00063213 37.6
-0.000638932 38
-0.000645736 38.4
-0.000652541 38.8
-0.000659348 39.2
-0.000666157 39.6
-0.000672967 40
-0.000679779 40.4
-0.000686593 40.8
-0.000693408 41.2
-0.000700225 41.6
-0.000707043 42
-0.000713864 42.4
-0.000720685 42.8
-0.000727509 43.2
-0.000734334 43.6
-0.000741161 44
-0.000747989 44.4
-0.000754819 44.8
-0.000761651 45.2
-0.000768484 45.6
-0.000775319 46
-0.000782155 46.4
-0.000788993 46.8
-0.000795833 47.2
-0.000802675 47.6
-0.000809518 48
-0.000816362 48.4
-0.000823209 48.8
-0.000830057 49.2
-0.000836907 49.6
-0.000843758 50
-0.000850611 50.4
-0.000857465 50.8
-0.000864322 51.2
-0.000871179 51.6
-0.000878039 52
-0.0008849 52.4
-0.000891763 52.8
-0.000898627 53.2
-0.000905493 53.6
-0.000912361 54
-0.00091923 54.4
-0.000926101 54.8
-0.000932974 55.2
-0.000939848 55.6
-0.000946724 56
-0.000953601 56.4
-0.00096048 56.8
-0.000967361 57.2
-0.000974244 57.6
-0.000981128 58
-0.000988013 58.4
-0.000994901 58.8
-0.00100179 59.2
-0.00100868 59.6
-0.00101557 60
-0.00102247 60.4
-0.00102936 60.8
-0.00103626 61.2
-0.00104316 61.6
-0.00105006 62
-0.00105696 62.4
-0.00106386 62.8
-0.00107077 63.2
-0.00107768 63.6
-0.00108459 64
-0.0010915 64.4
-0.00109841 64.8
-0.00110532 65.2
-0.00111224 65.6
-0.00111915 66
-0.00112607 66.4
-0.00113299 66.8
-0.00113991 67.2
-0.00114684 67.6
-0.00115376 68
-0.00116069 68.4
-0.00116762 68.8
-0.00117455 69.2
-0.00118148 69.6
-0.00118841 70
-0.00119535 70.4
-0.00120229 70.8
-0.00120922 71.2
-0.00121616 71.6
-0.00122311 72
-0.00123005 72.4
-0.00123699 72.8
-0.00124394 73.2
-0.00125089 73.6
-0.00125784 74
-0.00126479 74.4
-0.00127174 74.8
-0.0012787 75.2
-0.00128565 75.6
-0.00129261 76
-0.00129957 76.4
-0.00130653 76.8
-0.0013135 77.2
-0.00132046 77.6
-0.00132743 78
-0.0013344 78.4
-0.00134136 78.8
-0.00134834 79.2
-0.00135531 79.6
-0.00136228 80
-0.00136926 80.4
-0.00137624 80.8
-0.00138322 81.2
-0.0013902 81.6
-0.00139718 82
-0.00140417 82.4
-0.00141115 82.8
-0.00141814 83.2
-0.00142513 83.6
-0.00143212 84
-0.00143911 84.4
-0.00144611 84.8
-0.0014531 85.2
-0.0014601 85.6
-0.0014671 86
-0.0014741 86.4
-0.0014811 86.8
-0.00148811 87.2
-0.00149511 87.6
-0.00150212 88
-0.00150913 88.4
-0.00151614 88.8
-0.00152315 89.2
-0.00153017 89.6
-0.00153718 90
-0.0015442 90.4
-0.00155122 90.8
-0.00155824 91.2
-0.00156526 91.6
-0.00157229 92
-0.00157931 92.4
-0.00158634 92.8
-0.00159337 93.2
-0.0016004 93.6
-0.00160743 94
-0.00161447 94.4
-0.0016215 94.8
-0.00162854 95.2
-0.00163558 95.6
-0.00164262 96
-0.00164966 96.4
-0.00165671 96.8
-0.00166375 97.2
-0.0016708 97.6
-0.00167785 98
-0.0016849 98.4
-0.00169195 98.8
-0.00169901 99.2
-0.00170606 99.6
-0.00171312 100
-0.00172018 100.4
-0.00172724 100.8
-0.0017343 101.2
-0.00174136 101.6
-0.00174843 102
-0.0017555 102.4
-0.00176256 102.8
-0.00176964 103.2
-0.00177671 103.6
-0.00178378 104
-0.00179086 104.4
-0.00179793 104.8
-0.00180501 105.2
-0.00181209 105.6
-0.00181917 106
-0.00182626 106.4
-0.00183334 106.8
-0.00184043 107.2
-0.00184752 107.6
-0.00185461 108
-0.0018617 108.4
-0.0018688 108.8
-0.00187589 109.2
-0.00188299 109.6
-0.00189009 110
-0.00189719 110.4
-0.00190429 110.8
-0.00191139 111.2
-0.0019185 111.6
-0.0019256 112
-0.00193271 112.4
-0.00193982 112.8
-0.00194694 113.2
-0.00195405 113.6
-0.00196116 114
-0.00196828 114.4
-0.0019754 114.8
-0.00198252 115.2
-0.00198964 115.6
-0.00199677 116
-0.00200389 116.4
-0.00201102 116.8
-0.00201815 117.2
-0.00202528 117.6
-0.00203241 118
-0.00203954 118.4
-0.00204668 118.8
-0.00205381 119.2
-0.00206095 119.6
-0.00206809 120
-0.00207523 120.4
-0.00208238 120.8
-0.00208952 121.2
-0.00209667 121.6
-0.00210382 122
-0.00211097 122.4
-0.00211812 122.8
-0.00212527 123.2
-0.00213243 123.6
-0.00213959 124
-0.00214674 124.4
-0.0021539 124.8
-0.00216107 125.2
-0.00216823 125.6
-0.0021754 126
-0.00218256 126.4
-0.00218973 126.8
-0.0021969 127.2
-0.00220407 127.6
-0.00221125 128
-0.00221842 128.4
-0.0022256 128.8
-0.00223278 129.2
-0.00223996 129.6
-0.00224714 130
-0.00225432 130.4
-0.00226151 130.8
-0.00226869 131.2
-0.00227588 131.6
-0.00228307 132
-0.00229026 132.4
-0.00229746 132.8
-0.00230465 133.2
-0.00231185 133.6
-0.00231905 134
-0.00232625 134.4
-0.00233345 134.8
-0.00234065 135.2
-0.00234786 135.6
-0.00235506 136
-0.00236227 136.4
-0.00236948 136.8
-0.0023767 137.2
-0.00238391 137.6
-0.00239112 138
-0.00239834 138.4
-0.00240556 138.8
-0.00241278 139.2
-0.00242 139.6
-0.00242722 140
-0.00243445 140.4
-0.00244168 140.8
-0.0024489 141.2
-0.00245614 141.6
-0.00246337 142
-0.0024706 142.4
-0.00247784 142.8
-0.00248507 143.2
-0.00249231 143.6
-0.00249955 144
-0.00250679 144.4
-0.00251404 144.8
-0.00252128 145.2
-0.00252853 145.6
-0.00253578 146
-0.00254303 146.4
-0.00255028 146.8
-0.00255753 147.2
-0.00256479 147.6
-0.00257204 148
-0.0025793 148.4
-0.00258656 148.8
-0.00259383 149.2
-0.00260109 149.6
-0.00260835 150
-0.00261562 150.4
-0.00262289 150.8
-0.00263016 151.2
-0.00263743 151.6
-0.00264471 152
-0.00265198 152.4
-0.00265926 152.8
-0.00266654 153.2
-0.00267382 153.6
-0.0026811 154
-0.00268838 154.4
-0.00269567 154.8
-0.00270295 155.2
-0.00271024 155.6
-0.00271753 156
-0.00272483 156.4
-0.00273212 156.8
-0.00273941 157.2
-0.00274671 157.6
-0.00275401 158
-0.00276131 158.4
-0.00276861 158.8
-0.00277592 159.2
-0.00278322 159.6
-0.00279053 160
-0.00279784 160.4
-0.00280515 160.8
-0.00281246 161.2
-0.00281977 161.6
-0.00282709 162
-0.00283441 162.4
-0.00284173 162.8
-0.00284905 163.2
-0.00285637 163.6
-0.00286369 164
-0.00287102 164.4
-0.00287834 164.8
-0.00288567 165.2
-0.002893 165.6
-0.00290034 166
-0.00290767 166.4
-0.00291501 166.8
-0.00292234 167.2
-0.00292968 167.6
-0.00293702 168
-0.00294437 168.4
-0.00295171 168.8
-0.00295906 169.2
-0.0029664 169.6
-0.00297375 170
-0.0029811 170.4
-0.00298845 170.8
-0.00299581 171.2
-0.00300316 171.6
-0.00301052 172
-0.00301788 172.4
-0.00302524 172.8
-0.0030326 173.2
-0.00303997 173.6
-0.00304733 174
-0.0030547 174.4
-0.00306207 174.8
-0.00306944 175.2
-0.00307681 175.6
-0.00308419 176
-0.00309156 176.4
-0.00309894 176.8
-0.00310632 177.2
-0.0031137 177.6
-0.00312108 178
-0.00312847 178.4
-0.00313585 178.8
-0.00314324 179.2
-0.00315063 179.6
-0.00315802 180
-0.00316541 180.4
-0.00317281 180.8
-0.00318021 181.2
-0.0031876 181.6
-0.003195 182
-0.0032024 182.4
-0.00320981 182.8
-0.00321721 183.2
-0.00322462 183.6
-0.00323202 184
-0.00323943 184.4
-0.00324685 184.8
-0.00325426 185.2
-0.00326167 185.6
-0.00326909 186
-0.00327651 186.4
-0.00328393 186.8
-0.00329135 187.2
-0.00329877 187.6
-0.00330619 188
-0.00331362 188.4
-0.00332105 188.8
-0.00332848 189.2
-0.00333591 189.6
-0.00334334 190
-0.00335078 190.4
-0.00335821 190.8
-0.00336565 191.2
-0.00337309 191.6
-0.00338053 192
-0.00338798 192.4
-0.00339542 192.8
-0.00340287 193.2
-0.00341032 193.6
-0.00341777 194
-0.00342522 194.4
-0.00343267 194.8
-0.00344013 195.2
-0.00344758 195.6
-0.00345504 196
-0.0034625 196.4
-0.00346996 196.8
-0.00347743 197.2
-0.00348489 197.6
-0.00349236 198
-0.00349983 198.4
-0.0035073 198.8
-0.00351477 199.2
-0.00352224 199.6
-0.00352972 200
-0.00353719 200.4
-0.00354467 200.8
-0.00355215 201.2
-0.00355963 201.6
-0.00356712 202
-0.0035746 202.4
-0.00358209 202.8
-0.00358958 203.2
-0.00359707 203.6
-0.00360456 204
-0.00361205 204.4
-0.00361955 204.8
-0.00362705 205.2
-0.00363454 205.6
-0.00364204 206
-0.00364955 206.4
-0.00365705 206.8
-0.00366456 207.2
-0.00367206 207.6
-0.00367957 208
-0.00368708 208.4
-0.0036946 208.8
-0.00370211 209.2
-0.00370962 209.6
-0.00371714 210
-0.00372466 210.4
-0.00373218 210.8
-0.0037397 211.2
-0.00374723 211.6
-0.00375475 212
-0.00376228 212.4
-0.00376981 212.8
-0.00377734 213.2
-0.00378487 213.6
-0.00379241 214
-0.00379994 214.4
-0.00380748 214.8
-0.00381502 215.2
-0.00382256 215.6
-0.0038301 216
-0.00383765 216.4
-0.00384519 216.8
-0.00385274 217.2
-0.00386029 217.6
-0.00386784 218
-0.0038754 218.4
-0.00388295 218.8
-0.00389051 219.2
-0.00389806 219.6
-0.00390562 220
-0.00391318 220.4
-0.00392075 220.8
-0.00392831 221.2
-0.00393588 221.6
-0.00394345 222
-0.00395102 222.4
-0.00395859 222.8
-0.00396616 223.2
-0.00397374 223.6
-0.00398131 224
-0.00398889 224.4
-0.00399647 224.8
-0.00400405 225.2
-0.00401163 225.6
-0.00401922 226
-0.00402681 226.4
-0.00403439 226.8
-0.00404198 227.2
-0.00404958 227.6
-0.00405717 228
-0.00406476 228.4
-0.00407236 228.8
-0.00407996 229.2
-0.00408756 229.6
-0.00409516 230
-0.00410276 230.4
-0.00411037 230.8
-0.00411798 231.2
-0.00412559 231.6
-0.0041332 232
-0.00414081 232.4
-0.00414842 232.8
-0.00415604 233.2
-0.00416365 233.6
-0.00417127 234
-0.00417889 234.4
-0.00418652 234.8
-0.00419414 235.2
-0.00420176 235.6
-0.00420939 236
-0.00421702 236.4
-0.00422465 236.8
-0.00423228 237.2
-0.00423992 237.6
-0.00424755 238
-0.00425519 238.4
-0.00426283 238.8
-0.00427047 239.2
-0.00427811 239.6
-0.00428576 240
-0.0042934 240.4
-0.00430105 240.8
-0.0043087 241.2
-0.00431635 241.6
-0.004324 242
-0.00433166 242.4
-0.00433931 242.8
-0.00434697 243.2
-0.00435463 243.6
-0.00436229 244
-0.00436996 244.4
-0.00437762 244.8
-0.00438529 245.2
-0.00439295 245.6
-0.00440062 246
-0.0044083 246.4
-0.00441597 246.8
-0.00442364 247.2
-0.00443132 247.6
-0.004439 248
-0.00444668 248.4
-0.00445436 248.8
-0.00446204 249.2
-0.00446973 249.6
-0.00447741 250
-0.0044851 250.4
-0.00449279 250.8
-0.00450048 251.2
-0.00450818 251.6
-0.00451587 252
-0.00452357 252.4
-0.00453127 252.8
-0.00453897 253.2
-0.00454667 253.6
-0.00455437 254
-0.00456208 254.4
-0.00456978 254.8
-0.00457749 255.2
-0.0045852 255.6
-0.00459292 256
-0.00460063 256.4
-0.00460834 256.8
-0.00461606 257.2
-0.00462378 257.6
-0.0046315 258
-0.00463922 258.4
-0.00464695 258.8
-0.00465467 259.2
-0.0046624 259.6
-0.00467013 260
-0.00467786 260.4
-0.00468559 260.8
-0.00469333 261.2
-0.00470106 261.6
-0.0047088 262
-0.00471654 262.4
-0.00472428 262.8
-0.00473202 263.2
-0.00473977 263.6
-0.00474751 264
-0.00475526 264.4
-0.00476301 264.8
-0.00477076 265.2
-0.00477851 265.6
-0.00478627 266
-0.00479403 266.4
-0.00480178 266.8
-0.00480954 267.2
-0.0048173 267.6
-0.00482507 268
-0.00483283 268.4
-0.0048406 268.8
-0.00484837 269.2
-0.00485614 269.6
-0.00486391 270
-0.00487168 270.4
-0.00487946 270.8
-0.00488723 271.2
-0.00489501 271.6
-0.00490279 272
-0.00491057 272.4
-0.00491836 272.8
-0.00492614 273.2
-0.00493393 273.6
-0.00494172 274
-0.00494951 274.4
-0.0049573 274.8
-0.00496509 275.2
-0.00497289 275.6
-0.00498068 276
-0.00498848 276.4
-0.00499628 276.8
-0.00500409 277.2
-0.00501189 277.6
-0.0050197 278
-0.0050275 278.4
-0.00503531 278.8
-0.00504312 279.2
-0.00505094 279.6
-0.00505875 280
-0.00506656 280.4
-0.00507438 280.8
-0.0050822 281.2
-0.00509002 281.6
-0.00509785 282
-0.00510567 282.4
-0.0051135 282.8
-0.00512132 283.2
-0.00512915 283.6
-0.00513698 284
-0.00514482 284.4
-0.00515265 284.8
-0.00516049 285.2
-0.00516833 285.6
-0.00517616 286
-0.00518401 286.4
-0.00519185 286.8
-0.00519969 287.2
-0.00520754 287.6
-0.00521539 288
-0.00522324 288.4
-0.00523109 288.8
-0.00523894 289.2
-0.0052468 289.6
-0.00525465 290
-0.00526251 290.4
-0.00527037 290.8
-0.00527824 291.2
-0.0052861 291.6
-0.00529396 292
-0.00530183 292.4
-0.0053097 292.8
-0.00531757 293.2
-0.00532544 293.6
-0.00533332 294
-0.00534119 294.4
-0.00534907 294.8
-0.00535695 295.2
-0.00536483 295.6
-0.00537271 296
-0.00538059 296.4
-0.00538848 296.8
-0.00539637 297.2
-0.00540426 297.6
-0.00541215 298
-0.00542004 298.4
-0.00542793 298.8
-0.00543583 299.2
-0.00544373 299.6
-0.00545163 300
-0.00545953 300.4
-0.00546743 300.8
-0.00547533 301.2
-0.00548324 301.6
-0.00549115 302
-0.00549906 302.4
-0.00550697 302.8
-0.00551488 303.2
-0.0055228 303.6
-0.00553071 304
-0.00553863 304.4
-0.00554655 304.8
-0.00555447 305.2
-0.0055624 305.6
-0.00557032 306
-0.00557825 306.4
-0.00558618 306.8
-0.00559411 307.2
-0.00560204 307.6
-0.00560997 308
-0.00561791 308.4
-0.00562584 308.8
-0.00563378 309.2
-0.00564172 309.6
-0.00564966 310
-0.00565761 310.4
-0.00566555 310.8
-0.0056735 311.2
-0.00568145 311.6
-0.0056894 312
-0.00569735 312.4
-0.00570531 312.8
-0.00571326 313.2
-0.00572122 313.6
-0.00572918 314
-0.00573714 314.4
-0.0057451 314.8
-0.00575306 315.2
-0.00576103 315.6
-0.005769 316
-0.00577697 316.4
-0.00578494 316.8
-0.00579291 317.2
-0.00580089 317.6
-0.00580886 318
-0.00581684 318.4
-0.00582482 318.8
-0.0058328 319.2
-0.00584079 319.6
-0.00584877 320
-0.00585676 320.4
-0.00586475 320.8
-0.00587274 321.2
-0.00588073 321.6
-0.00588872 322
-0.00589672 322.4
-0.00590471 322.8
-0.00591271 323.2
-0.00592071 323.6
-0.00592871 324
-0.00593672 324.4
-0.00594472 324.8
-0.00595273 325.2
-0.00596074 325.6
-0.00596875 326
-0.00597676 326.4
-0.00598477 326.8
-0.00599279 327.2
-0.00600081 327.6
-0.00600882 328
-0.00601685 328.4
-0.00602487 328.8
-0.00603289 329.2
-0.00604092 329.6
-0.00604894 330
-0.00605697 330.4
-0.006065 330.8
-0.00607304 331.2
-0.00608107 331.6
-0.00608911 332
-0.00609715 332.4
-0.00610518 332.8
-0.00611323 333.2
-0.00612127 333.6
-0.00612931 334
-0.00613736 334.4
-0.00614541 334.8
-0.00615346 335.2
-0.00616151 335.6
-0.00616956 336
-0.00617762 336.4
-0.00618567 336.8
-0.00619373 337.2
-0.00620179 337.6
-0.00620985 338
-0.00621792 338.4
-0.00622598 338.8
-0.00623405 339.2
-0.00624212 339.6
-0.00625019 340
-0.00625826 340.4
-0.00626633 340.8
-0.00627441 341.2
-0.00628248 341.6
-0.00629056 342
-0.00629864 342.4
-0.00630673 342.8
-0.00631481 343.2
-0.0063229 343.6
-0.00633098 344
-0.00633907 344.4
-0.00634716 344.8
-0.00635526 345.2
-0.00636335 345.6
-0.00637145 346
-0.00637954 346.4
-0.00638764 346.8
-0.00639574 347.2
-0.00640385 347.6
-0.00641195 348
-0.00642006 348.4
-0.00642816 348.8
-0.00643627 349.2
-0.00644439 349.6
-0.0064525 350
-0.00646061 350.4
-0.00646873 350.8
-0.00647685 351.2
-0.00648497 351.6
-0.00649309 352
-0.00650121 352.4
-0.00650934 352.8
-0.00651746 353.2
-0.00652559 353.6
-0.00653372 354
-0.00654185 354.4
-0.00654999 354.8
-0.00655812 355.2
-0.00656626 355.6
-0.0065744 356
-0.00658254 356.4
-0.00659068 356.8
-0.00659883 357.2
-0.00660697 357.6
-0.00661512 358
-0.00662327 358.4
-0.00663142 358.8
-0.00663957 359.2
-0.00664773 359.6
-0.00665588 360
-0.00666404 360.4
-0.0066722 360.8
-0.00668036 361.2
-0.00668852 361.6
-0.00669669 362
-0.00670485 362.4
-0.00671302 362.8
-0.00672119 363.2
-0.00672936 363.6
-0.00673753 364
-0.00674571 364.4
-0.00675388 364.8
-0.00676206 365.2
-0.00677024 365.6
-0.00677842 366
-0.00678661 366.4
-0.00679479 366.8
-0.00680298 367.2
-0.00681117 367.6
-0.00681936 368
-0.00682755 368.4
-0.00683574 368.8
-0.00684394 369.2
-0.00685214 369.6
-0.00686033 370
-0.00686853 370.4
-0.00687674 370.8
-0.00688494 371.2
-0.00689315 371.6
-0.00690135 372
-0.00690956 372.4
-0.00691777 372.8
-0.00692599 373.2
-0.0069342 373.6
-0.00694241 374
-0.00695063 374.4
-0.00695885 374.8
-0.00696707 375.2
-0.0069753 375.6
-0.00698352 376
-0.00699175 376.4
-0.00699997 376.8
-0.0070082 377.2
-0.00701643 377.6
-0.00702467 378
-0.0070329 378.4
-0.00704114 378.8
-0.00704938 379.2
-0.00705762 379.6
-0.00706586 380
-0.0070741 380.4
-0.00708235 380.8
-0.00709059 381.2
-0.00709884 381.6
-0.00710709 382
-0.00711534 382.4
-0.0071236 382.8
-0.00713185 383.2
-0.00714011 383.6
-0.00714837 384
-0.00715663 384.4
-0.00716489 384.8
-0.00717315 385.2
-0.00718142 385.6
-0.00718969 386
-0.00719796 386.4
-0.00720623 386.8
-0.0072145 387.2
-0.00722277 387.6
-0.00723105 388
-0.00723933 388.4
-0.00724761 388.8
-0.00725589 389.2
-0.00726417 389.6
-0.00727245 390
-0.00728074 390.4
-0.00728903 390.8
-0.00729732 391.2
-0.00730561 391.6
-0.0073139 392
-0.0073222 392.4
-0.00733049 392.8
-0.00733879 393.2
-0.00734709 393.6
-0.00735539 394
-0.0073637 394.4
-0.007372 394.8
-0.00738031 395.2
-0.00738862 395.6
-0.00739693 396
-0.00740524 396.4
-0.00741355 396.8
-0.00742187 397.2
-0.00743018 397.6
-0.0074385 398
-0.00744682 398.4
-0.00745515 398.8
-0.00746347 399.2
-0.00747179 399.6
-0.00748012 400
-0.00748845 400.4
-0.00749678 400.8
-0.00750511 401.2
-0.00751345 401.6
-0.00752178 402
-0.00753012 402.4
-0.00753846 402.8
-0.0075468 403.2
-0.00755515 403.6
-0.00756349 404
-0.00757184 404.4
-0.00758018 404.8
-0.00758853 405.2
-0.00759688 405.6
-0.00760524 406
-0.00761359 406.4
-0.00762195 406.8
-0.00763031 407.2
-0.00763867 407.6
-0.00764703 408
-0.00765539 408.4
-0.00766376 408.8
-0.00767212 409.2
-0.00768049 409.6
-0.00768886 410
-0.00769723 410.4
-0.00770561 410.8
-0.00771398 411.2
-0.00772236 411.6
-0.00773074 412
-0.00773912 412.4
-0.0077475 412.8
-0.00775589 413.2
-0.00776427 413.6
-0.00777266 414
-0.00778105 414.4
-0.00778944 414.8
-0.00779783 415.2
-0.00780623 415.6
-0.00781462 416
-0.00782302 416.4
-0.00783142 416.8
-0.00783982 417.2
-0.00784822 417.6
-0.00785663 418
-0.00786503 418.4
-0.00787344 418.8
-0.00788185 419.2
-0.00789026 419.6
-0.00789868 420
-0.00790709 420.4
-0.00791551 420.8
-0.00792393 421.2
-0.00793235 421.6
-0.00794077 422
-0.00794919 422.4
-0.00795762 422.8
-0.00796604 423.2
-0.00797447 423.6
-0.0079829 424
-0.00799133 424.4
-0.00799977 424.8
-0.0080082 425.2
-0.00801664 425.6
-0.00802508 426
-0.00803352 426.4
-0.00804196 426.8
-0.00805041 427.2
-0.00805885 427.6
-0.0080673 428
-0.00807575 428.4
-0.0080842 428.8
-0.00809265 429.2
-0.00810111 429.6
-0.00810956 430
-0.00811802 430.4
-0.00812648 430.8
-0.00813494 431.2
-0.0081434 431.6
-0.00815187 432
-0.00816033 432.4
-0.0081688 432.8
-0.00817727 433.2
-0.00818574 433.6
-0.00819422 434
-0.00820269 434.4
-0.00821117 434.8
-0.00821965 435.2
-0.00822813 435.6
-0.00823661 436
-0.00824509 436.4
-0.00825358 436.8
-0.00826206 437.2
-0.00827055 437.6
-0.00827904 438
-0.00828753 438.4
-0.00829603 438.8
-0.00830452 439.2
-0.00831302 439.6
-0.00832152 440
-0.00833002 440.4
-0.00833852 440.8
-0.00834703 441.2
-0.00835553 441.6
-0.00836404 442
-0.00837255 442.4
-0.00838106 442.8
-0.00838957 443.2
-0.00839809 443.6
-0.0084066 444
-0.00841512 444.4
-0.00842364 444.8
-0.00843216 445.2
-0.00844068 445.6
-0.00844921 446
-0.00845774 446.4
-0.00846626 446.8
-0.00847479 447.2
-0.00848332 447.6
-0.00849186 448
-0.00850039 448.4
-0.00850893 448.8
-0.00851747 449.2
-0.00852601 449.6
-0.00853455 450
-0.00854309 450.4
-0.00855164 450.8
-0.00856019 451.2
-0.00856873 451.6
-0.00857728 452
-0.00858584 452.4
-0.00859439 452.8
-0.00860295 453.2
-0.0086115 453.6
-0.00862006 454
-0.00862862 454.4
-0.00863719 454.8
-0.00864575 455.2
-0.00865432 455.6
-0.00866288 456
-0.00867145 456.4
-0.00868002 456.8
-0.0086886 457.2
-0.00869717 457.6
-0.00870575 458
-0.00871432 458.4
-0.0087229 458.8
-0.00873149 459.2
-0.00874007 459.6
-0.00874865 460
-0.00875724 460.4
-0.00876583 460.8
-0.00877442 461.2
-0.00878301 461.6
-0.0087916 462
-0.0088002 462.4
-0.00880879 462.8
-0.00881739 463.2
-0.00882599 463.6
-0.00883459 464
-0.0088432 464.4
-0.0088518 464.8
-0.00886041 465.2
-0.00886902 465.6
-0.00887763 466
-0.00888624 466.4
-0.00889486 466.8
-0.00890347 467.2
-0.00891209 467.6
-0.00892071 468
-0.00892933 468.4
-0.00893795 468.8
-0.00894657 469.2
-0.0089552 469.6
-0.00896383 470
-0.00897246 470.4
-0.00898109 470.8
-0.00898972 471.2
-0.00899836 471.6
-0.00900699 472
-0.00901563 472.4
-0.00902427 472.8
-0.00903291 473.2
-0.00904155 473.6
-0.0090502 474
-0.00905884 474.4
-0.00906749 474.8
-0.00907614 475.2
-0.00908479 475.6
-0.00909345 476
-0.0091021 476.4
-0.00911076 476.8
-0.00911942 477.2
-0.00912808 477.6
-0.00913674 478
-0.0091454 478.4
-0.00915407 478.8
-0.00916274 479.2
-0.0091714 479.6
-0.00918008 480
-0.00918875 480.4
-0.00919742 480.8
-0.0092061 481.2
-0.00921477 481.6
-0.00922345 482
-0.00923213 482.4
-0.00924082 482.8
-0.0092495 483.2
-0.00925819 483.6
-0.00926687 484
-0.00927557 484.4
-0.00928426 484.8
-0.00929295 485.2
-0.00930165 485.6
-0.00931034 486
-0.00931904 486.4
-0.00932774 486.8
-0.00933644 487.2
-0.00934514 487.6
-0.00935385 488
-0.00936256 488.4
-0.00937126 488.8
-0.00937997 489.2
-0.00938868 489.6
-0.0093974 490
-0.00940611 490.4
-0.00941483 490.8
-0.00942355 491.2
-0.00943227 491.6
-0.00944099 492
-0.00944971 492.4
-0.00945844 492.8
-0.00946717 493.2
-0.0094759 493.6
-0.00948463 494
-0.00949336 494.4
-0.00950209 494.8
-0.00951083 495.2
-0.00951956 495.6
-0.0095283 496
-0.00953704 496.4
-0.00954579 496.8
-0.00955453 497.2
-0.00956328 497.6
-0.00957202 498
-0.00958077 498.4
-0.00958952 498.8
-0.00959828 499.2
-0.00960703 499.6
-0.00961579 500
-0.00962455 500.4
-0.00963331 500.8
-0.00964207 501.2
-0.00965083 501.6
-0.00965959 502
-0.00966836 502.4
-0.00967713 502.8
-0.0096859 503.2
-0.00969467 503.6
-0.00970344 504
-0.00971222 504.4
-0.00972099 504.8
-0.00972977 505.2
-0.00973855 505.6
-0.00974734 506
-0.00975612 506.4
-0.0097649 506.8
-0.00977369 507.2
-0.00978248 507.6
-0.00979127 508
-0.00980006 508.4
-0.00980886 508.8
-0.00981765 509.2
-0.00982645 509.6
-0.00983525 510
-0.00984405 510.4
-0.00985285 510.8
-0.00986165 511.2
-0.00987046 511.6
-0.00987927 512
-0.00988808 512.4
-0.00989689 512.8
-0.0099057 513.2
-0.00991451 513.6
-0.00992333 514
-0.00993215 514.4
-0.00994097 514.8
-0.00994979 515.2
-0.00995861 515.6
-0.00996744 516
-0.00997626 516.4
-0.00998509 516.8
-0.00999392 517.2
-0.0100028 517.6
-0.0100116 518
-0.0100204 518.4
-0.0100293 518.8
-0.0100381 519.2
-0.0100469 519.6
-0.0100558 520
-0.0100646 520.4
-0.0100735 520.8
-0.0100823 521.2
-0.0100912 521.6
-0.0101 522
-0.0101089 522.4
-0.0101177 522.8
-0.0101266 523.2
-0.0101354 523.6
-0.0101443 524
-0.0101531 524.4
-0.010162 524.8
-0.0101709 525.2
-0.0101797 525.6
-0.0101886 526
-0.0101975 526.4
-0.0102063 526.8
-0.0102152 527.2
-0.0102241 527.6
-0.010233 528
-0.0102418 528.4
-0.0102507 528.8
-0.0102596 529.2
-0.0102685 529.6
-0.0102774 530
-0.0102863 530.4
-0.0102951 530.8
-0.010304 531.2
-0.0103129 531.6
-0.0103218 532
-0.0103307 532.4
-0.0103396 532.8
-0.0103485 533.2
-0.0103574 533.6
-0.0103663 534
-0.0103752 534.4
-0.0103841 534.8
-0.010393 535.2
-0.0104019 535.6
-0.0104108 536
-0.0104198 536.4
-0.0104287 536.8
-0.0104376 537.2
-0.0104465 537.6
-0.0104554 538
-0.0104643 538.4
-0.0104733 538.8
-0.0104822 539.2
-0.0104911 539.6
-0.0105 540
-0.010509 540.4
-0.0105179 540.8
-0.0105268 541.2
-0.0105358 541.6
-0.0105447 542
-0.0105536 542.4
-0.0105626 542.8
-0.0105715 543.2
-0.0105805 543.6
-0.0105894 544
-0.0105984 544.4
-0.0106073 544.8
-0.0106162 545.2
-0.0106252 545.6
-0.0106342 546
-0.0106431 546.4
-0.0106521 546.8
-0.010661 547.2
-0.01067 547.6
-0.0106789 548
-0.0106879 548.4
-0.0106969 548.8
-0.0107058 549.2
-0.0107148 549.6
-0.0107238 550
-0.0107327 550.4
-0.0107417 550.8
-0.0107507 551.2
-0.0107597 551.6
-0.0107686 552
-0.0107776 552.4
-0.0107866 552.8
-0.0107956 553.2
-0.0108046 553.6
-0.0108136 554
-0.0108226 554.4
-0.0108315 554.8
-0.0108405 555.2
-0.0108495 555.6
-0.0108585 556
-0.0108675 556.4
-0.0108765 556.8
-0.0108855 557.2
-0.0108945 557.6
-0.0109035 558
-0.0109125 558.4
-0.0109215 558.8
-0.0109305 559.2
-0.0109396 559.6
-0.0109486 560
-0.0109576 560.4
-0.0109666 560.8
-0.0109756 561.2
-0.0109846 561.6
-0.0109937 562
-0.0110027 562.4
-0.0110117 562.8
-0.0110207 563.2
-0.0110298 563.6
-0.0110388 564
-0.0110478 564.4
-0.0110569 564.8
-0.0110659 565.2
-0.0110749 565.6
-0.011084 566
-0.011093 566.4
-0.011102 566.8
-0.0111111 567.2
-0.0111201 567.6
-0.0111292 568
-0.0111382 568.4
-0.0111473 568.8
-0.0111563 569.2
-0.0111654 569.6
-0.0111744 570
-0.0111835 570.4
-0.0111925 570.8
-0.0112016 571.2
-0.0112107 571.6
-0.0112197 572
-0.0112288 572.4
-0.0112379 572.8
-0.0112469 573.2
-0.011256 573.6
-0.0112651 574
-0.0112742 574.4
-0.0112832 574.8
-0.0112923 575.2
-0.0113014 575.6
-0.0113105 576
-0.0113195 576.4
-0.0113286 576.8
-0.0113377 577.2
-0.0113468 577.6
-0.0113559 578
-0.011365 578.4
-0.0113741 578.8
-0.0113832 579.2
-0.0113923 579.6
-0.0114014 580
-0.0114105 580.4
-0.0114196 580.8
-0.0114287 581.2
-0.0114378 581.6
-0.0114469 582
-0.011456 582.4
-0.0114651 582.8
-0.0114742 583.2
-0.0114833 583.6
-0.0114924 584
-0.0115015 584.4
-0.0115107 584.8
-0.0115198 585.2
-0.0115289 585.6
-0.011538 586
-0.0115471 586.4
-0.0115563 586.8
-0.0115654 587.2
-0.0115745 587.6
-0.0115837 588
-0.0115928 588.4
-0.0116019 588.8
-0.0116111 589.2
-0.0116202 589.6
-0.0116293 590
-0.0116385 590.4
-0.0116476 590.8
-0.0116568 591.2
-0.0116659 591.6
-0.0116751 592
-0.0116842 592.4
-0.0116934 592.8
-0.0117025 593.2
-0.0117117 593.6
-0.0117208 594
-0.01173 594.4
-0.0117392 594.8
-0.0117483 595.2
-0.0117575 595.6
-0.0117666 596
-0.0117758 596.4
-0.011785 596.8
-0.0117942 597.2
-0.0118033 597.6
-0.0118125 598
-0.0118217 598.4
-0.0118309 598.8
-0.01184 599.2
-0.0118492 599.6
-0.0118584 600
