Dynamic
Number of Materials, Nodes, Elements, Loaded Nodes, Nodes with Boundary, Steps, Tolarence
1 42 81 1 42 500 0.000000001

Materials
Number, Young, Density
0	200000000000.0	7000.0

Nodes
Number, X1, X2, X3
0	0.00	0.00	0.00
1	0.30	0.00	0.00
2	0.60	0.00	0.00
3	0.90	0.00	0.00
4	1.20	0.00	0.00
5	1.50	0.00	0.00
6	1.80	0.00	0.00
7	2.10	0.00	0.00
8	2.40	0.00	0.00
9	2.70	0.00	0.00
10	3.00	0.00	0.00
11	3.30	0.00	0.00
12	3.60	0.00	0.00
13	3.90	0.00	0.00
14	4.20	0.00	0.00
15	4.50	0.00	0.00
16	4.80	0.00	0.00
17	5.10	0.00	0.00
18	5.40	0.00	0.00
19	5.70	0.00	0.00
20	6.00	0.00	0.00
21	0.00	0.30	0.00
22	0.30	0.30	0.00
23	0.60	0.30	0.00
24	0.90	0.30	0.00
25	1.20	0.30	0.00
26	1.50	0.30	0.00
27	1.80	0.30	0.00
28	2.10	0.30	0.00
29	2.40	0.30	0.00
30	2.70	0.30	0.00
31	3.00	0.30	0.00
32	3.30	0.30	0.00
33	3.60	0.30	0.00
34	3.90	0.30	0.00
35	4.20	0.30	0.00
36	4.50	0.30	0.00
37	4.80	0.30	0.00
38	5.10	0.30	0.00
39	5.40	0.30	0.00
40	5.70	0.30	0.00
41	6.00	0.30	0.00

Elements
Number, Initial Node, End Node, Type Materials, Area
0	0	1	0	0.005
1	1	2	0	0.005
2	2	3	0	0.005
3	3	4	0	0.005
4	4	5	0	0.005
5	5	6	0	0.005
6	6	7	0	0.005
7	7	8	0	0.005
8	8	9	0	0.005
9	9	10	0	0.005
10	10	11	0	0.005
11	11	12	0	0.005
12	12	13	0	0.005
13	13	14	0	0.005
14	14	15	0	0.005
15	15	16	0	0.005
16	16	17	0	0.005
17	17	18	0	0.005
18	18	19	0	0.005
19	19	20	0	0.005
20	21	22	0	0.005
21	22	23	0	0.005
22	23	24	0	0.005
23	24	25	0	0.005
24	25	26	0	0.005
25	26	27	0	0.005
26	27	28	0	0.005
27	28	29	0	0.005
28	29	30	0	0.005
29	30	31	0	0.005
30	31	32	0	0.005
31	32	33	0	0.005
32	33	34	0	0.005
33	34	35	0	0.005
34	35	36	0	0.005
35	36	37	0	0.005
36	37	38	0	0.005
37	38	39	0	0.005
38	39	40	0	0.005
39	40	41	0	0.005
40	0	21	0	0.00812
41	0	22	0	0.00812
42	1	22	0	0.00812
43	1	23	0	0.00812
44	2	23	0	0.00812
45	2	24	0	0.00812
46	3	24	0	0.00812
47	3	25	0	0.00812
48	4	25	0	0.00812
49	4	26	0	0.00812
50	5	26	0	0.00812
51	5	27	0	0.00812
52	6	27	0	0.00812
53	6	28	0	0.00812
54	7	28	0	0.00812
55	7	29	0	0.00812
56	8	29	0	0.00812
57	8	30	0	0.00812
58	9	30	0	0.00812
59	9	31	0	0.00812
60	10	31	0	0.00812
61	10	32	0	0.00812
62	11	32	0	0.00812
63	11	33	0	0.00812
64	12	33	0	0.00812
65	12	34	0	0.00812
66	13	34	0	0.00812
67	13	35	0	0.00812
68	14	35	0	0.00812
69	14	36	0	0.00812
70	15	36	0	0.00812
71	15	37	0	0.00812
72	16	37	0	0.00812
73	16	38	0	0.00812
74	17	38	0	0.00812
75	17	39	0	0.00812
76	18	39	0	0.00812
77	18	40	0	0.00812
78	19	40	0	0.00812
79	19	41	0	0.00812
80	20	41	0	0.00812

Loaded Nodes
Number, X1, X2, X3
41	0.00 -12500.0 0.00

Nodes with Boundary Conditions (1 para restrito e 0 para livre)
Number, X1, X2, X3
0	1	1	1
1	0	0	1
2	0	0	1
3	0	0	1
4	0	0	1
5	0	0	1
6	0	0	1
7	0	0	1
8	0	0	1
9	0	0	1
10	0	0	1
11	0	0	1
12	0	0	1
13	0	0	1
14	0	0	1
15	0	0	1
16	0	0	1
17	0	0	1
18	0	0	1
19	0	0	1
20	0	0	1
21	1	1	1
22	0	0	1
23	0	0	1
24	0	0	1
25	0	0	1
26	0	0	1
27	0	0	1
28	0	0	1
29	0	0	1
30	0	0	1
31	0	0	1
32	0	0	1
33	0	0	1
34	0	0	1
35	0	0	1
36	0	0	1
37	0	0	1
38	0	0	1
39	0	0	1
40	0	0	1
41	0	0	1
