-0.00160577 2.0034
-0.00905239 4.0068
-0.0235352 6.0102
-0.0398107 8.01359
-0.0546559 10.017
-0.07091 12.0204
-0.0886154 14.0238
-0.102689 16.0272
-0.111881 18.0306
-0.119092 20.034
-0.122556 22.0374
-0.117801 24.0408
-0.106561 26.0442
-0.0933216 28.0476
-0.0771834 30.051
-0.0567641 32.0544
-0.0369291 34.0578
-0.0220097 36.0612
-0.0100149 38.0646
-0.000343942 40.068
0.00212631 42.0714
-0.00409728 44.0748
-0.014382 46.0782
-0.0272459 48.0816
-0.0454323 50.085
-0.0666163 52.0884
-0.0845249 54.0918
-0.0986863 56.0952
-0.11192 58.0986
-0.121102 60.102
-0.121417 62.1053
-0.115093 64.1087
-0.105986 66.1121
-0.0921486 68.1155
-0.0726146 70.1189
-0.053252 72.1223
-0.0383372 74.1257
-0.0254324 76.1291
-0.0139989 78.1325
-0.0086947 80.1359
-0.0103912 82.1393
-0.0147553 84.1427
-0.0215064 86.1461
-0.0341149 88.1495
-0.0505955 90.1529
-0.0653978 92.1563
-0.0782727 94.1597
-0.0912034 96.1631
-0.100859 98.1665
-0.103618 100.17
-0.10239 102.173
-0.100311 104.177
-0.0947947 106.18
-0.0844294 108.184
-0.0733357 110.187
-0.063573 112.19
-0.0523487 114.194
-0.0400423 116.197
-0.0313698 118.201
-0.0270237 120.204
-0.0237632 122.207
-0.0224401 124.211
-0.0264576 126.214
-0.0342575 128.217
-0.0422171 130.221
-0.0514238 132.224
-0.0635988 134.228
-0.075388 136.231
-0.0836576 138.234
-0.0902918 140.238
-0.0963028 142.241
-0.0984597 144.245
-0.0957417 146.248
-0.0912176 148.251
-0.0852504 150.255
-0.0751398 152.258
-0.0620781 154.262
-0.0501804 156.265
-0.0398027 158.268
-0.0296964 160.272
-0.0227176 162.275
-0.0218356 164.279
-0.0247757 166.282
-0.0290525 168.285
-0.0365933 170.289
-0.0481215 172.292
-0.0599043 174.296
-0.0701334 176.299
-0.0808838 178.302
-0.0912704 180.306
-0.0969529 182.309
-0.0974842 184.313
-0.095846 186.316
-0.0914788 188.319
-0.0821527 190.323
-0.0704301 192.326
-0.0602464 194.33
-0.0507303 196.333
-0.0404739 198.336
-0.0326805 200.34
-0.0298087 202.343
-0.0293714 204.347
-0.0300174 206.35
-0.0345167 208.353
-0.0430649 210.357
-0.051615 212.36
-0.059103 214.364
-0.0680167 216.367
-0.0772188 218.37
-0.0828204 220.374
-0.085297 222.377
-0.0873755 224.381
-0.087393 226.384
-0.0827813 228.387
-0.0761966 230.391
-0.070851 232.394
-0.0649309 234.398
-0.0569014 236.401
-0.0499243 238.404
-0.0458055 240.408
-0.0418071 242.411
-0.0373525 244.415
-0.0360618 246.418
-0.0386686 248.421
-0.0419992 250.425
-0.0458498 252.428
-0.0526681 254.432
-0.0609974 256.435
-0.067243 258.438
-0.0720633 260.442
-0.0776925 262.445
-0.0822523 264.449
-0.0833182 266.452
-0.0826402 268.455
-0.0817156 270.459
-0.0781701 272.462
-0.0710327 274.466
-0.0634336 276.469
-0.0569133 278.472
-0.0497139 280.476
-0.0424157 282.479
-0.038233 284.483
-0.0372293 286.486
-0.0370788 288.489
-0.0385917 290.493
-0.0438521 292.496
-0.0510959 294.5
-0.0575765 296.503
-0.0641875 298.506
-0.0719118 300.51
-0.0781462 302.513
-0.081088 304.517
-0.0825915 306.52
-0.0833215 308.523
-0.0809418 310.527
-0.0753051 312.53
-0.0692344 314.534
-0.0632683 316.537
-0.0559314 318.54
-0.0487161 320.544
-0.0444888 322.547
-0.0425463 324.551
-0.0410033 326.554
-0.0411751 328.557
-0.0444071 330.561
-0.0485749 332.564
-0.0521883 334.568
-0.0571102 336.571
-0.0637545 338.574
-0.0691937 340.578
-0.0724085 342.581
-0.0753549 344.585
-0.0777107 346.588
-0.077021 348.591
-0.0740611 350.595
-0.0716045 352.598
-0.069045 354.602
-0.0644146 356.605
-0.0593139 358.608
-0.0560001 360.612
-0.05302 362.615
-0.0489527 364.619
-0.0461235 366.622
-0.0461572 368.625
-0.0469418 370.629
-0.0474714 372.632
-0.0499583 374.635
-0.0546774 376.639
-0.0588646 378.642
-0.0620959 380.646
-0.0664496 382.649
-0.0711642 384.652
-0.0735034 386.656
-0.0739996 388.659
-0.0747482 390.663
-0.0745846 392.666
-0.0716537 394.669
-0.0676606 396.673
-0.0644748 398.676
-0.0605242 400.68
-0.0548744 402.683
-0.0501149 404.686
-0.0477596 406.69
-0.046063 408.693
-0.044734 410.697
-0.0460421 412.7
-0.0498675 414.703
-0.0535289 416.707
-0.0568302 418.71
-0.0615286 420.714
-0.0666435 422.717
-0.0698828 424.72
-0.0719405 426.724
-0.0742722 428.727
-0.0753231 430.731
-0.0734869 432.734
-0.0703724 434.737
-0.0674377 436.741
-0.0634955 438.744
-0.0583576 440.748
-0.0543166 442.751
-0.0520672 444.754
-0.0499538 446.758
-0.0481036 448.761
-0.0483598 450.765
-0.0502658 452.768
-0.051984 454.771
-0.0540791 456.775
-0.0578152 458.778
-0.0617705 460.782
-0.0643083 462.785
-0.0665371 464.788
-0.0692889 466.792
-0.0708062 468.795
-0.0702706 470.799
-0.069438 472.802
-0.068787 474.805
-0.066651 476.809
-0.0632401 478.812
-0.0606751 480.816
-0.0588782 482.819
-0.0562553 484.822
-0.0535983 486.826
-0.0526171 488.829
-0.0523705 490.833
-0.0515104 492.836
-0.0514501 494.839
-0.0534605 496.843
-0.0559638 498.846
-0.0578538 500.85
-0.0605042 502.853
-0.0641108 504.856
-0.0665498 506.86
-0.0674414 508.863
-0.0686045 510.867
-0.0698673 512.87
-0.0693324 514.873
-0.0674755 516.877
-0.0660989 518.88
-0.0644448 520.884
-0.061039 522.887
-0.0573213 524.89
-0.0551359 526.894
-0.0534454 528.897
-0.0512857 530.901
-0.0503997 532.904
-0.0517431 534.907
-0.0534447 536.911
-0.054678 538.914
-0.0570905 540.918
-0.0607749 542.921
-0.0635793 544.924
-0.0652246 546.928
-0.0673035 548.931
-0.0692948 550.935
-0.0693468 552.938
-0.0680997 554.941
-0.0672287 556.945
-0.0659373 558.948
-0.0630049 560.952
-0.0598313 562.955
-0.0578551 564.958
-0.056025 566.962
-0.0537348 568.965
-0.0526359 570.969
-0.0533079 572.972
-0.0540727 574.975
-0.054524 576.979
-0.0561013 578.982
-0.0586021 580.986
-0.060346 582.989
-0.0615866 584.992
-0.0636671 586.996
-0.0657859 588.999
-0.0664314 591.003
-0.0663312 593.006
-0.0665712 595.009
-0.0661485 597.013
-0.0643204 599.016
-0.06251 601.02
-0.0615359 603.023
-0.0601754 605.026
-0.058102 607.03
-0.0567307 609.033
-0.0562342 611.037
-0.0553684 613.04
-0.054446 615.043
-0.054845 617.047
-0.0561024 619.05
-0.0569533 621.053
-0.0579927 623.057
-0.0601108 625.06
-0.0622096 627.064
-0.0632899 629.067
-0.0643372 631.07
-0.0658495 633.074
-0.0664684 635.077
-0.0657779 637.081
-0.0651423 639.084
-0.0647181 641.087
-0.0631996 643.091
-0.0608811 645.094
-0.0592984 647.098
-0.0581777 649.101
-0.0563561 651.104
-0.0546741 653.108
-0.0544928 655.111
-0.0550212 657.115
-0.0552304 659.118
-0.0561158 661.121
-0.0583377 663.125
-0.0604231 665.128
-0.061537 667.132
-0.062876 669.135
-0.064725 671.138
-0.0656166 673.142
-0.0653808 675.145
-0.0653835 677.149
-0.0654409 679.152
-0.0641839 681.155
-0.0621202 683.159
-0.0607435 685.162
-0.0596309 687.166
-0.0577989 689.169
-0.0562605 691.172
-0.056128 693.176
-0.0563565 695.179
-0.0560456 697.183
-0.0563209 699.186
-0.0577576 701.189
-0.0589987 703.193
-0.0595665 705.196
-0.0607227 707.2
-0.0625139 709.203
-0.0634465 711.206
-0.0635041 713.21
-0.0639804 715.213
-0.064563 717.217
-0.0640127 719.22
-0.0628885 721.223
-0.0623767 723.227
-0.0618349 725.23
-0.0603867 727.234
-0.0590139 729.237
-0.0585846 731.24
-0.0581519 733.244
-0.0571797 735.247
-0.05677 737.251
-0.057273 739.254
-0.057584 741.257
-0.0576228 743.261
-0.0585023 745.264
-0.0600291 747.268
-0.0610186 749.271
-0.0616875 751.274
-0.0628849 753.278
-0.0639434 755.281
-0.0639393 757.285
-0.0636075 759.288
-0.0637042 761.291
-0.0634018 763.295
-0.0621926 765.298
-0.0610791 767.302
-0.0604532 769.305
-0.0593684 771.308
-0.0578258 773.312
-0.057039 775.315
-0.057056 777.319
-0.0568914 779.322
-0.0568087 781.325
-0.057718 783.329
-0.0590453 785.332
-0.0598035 787.336
-0.0605441 789.339
-0.0619223 791.342
-0.0630455 793.346
-0.0632499 795.349
-0.0634033 797.353
-0.0638737 799.356
-0.0636467 801.359
-0.0625602 803.363
-0.0617477 805.366
-0.0612899 807.37
-0.0602106 809.373
-0.0588255 811.376
-0.0582666 813.38
-0.0581873 815.383
-0.0576607 817.387
-0.0573092 819.39
-0.0579862 821.393
-0.058863 823.397
-0.05911 825.4
-0.0595455 827.404
-0.0607016 829.407
-0.0615488 831.41
-0.0616522 833.414
-0.0620427 835.417
-0.0628943 837.421
-0.0630569 839.424
-0.06246 841.427
-0.0621952 843.431
-0.0621578 845.434
-0.0613846 847.438
-0.0602933 849.441
-0.0599102 851.444
-0.0597657 853.448
-0.059016 855.451
-0.0583224 857.455
-0.0584285 859.458
-0.0585917 861.461
-0.0582789 863.465
-0.0583846 865.468
-0.0593009 867.472
-0.060043 869.475
-0.0603086 871.478
-0.0609768 873.482
-0.0620178 875.485
-0.0624231 877.488
-0.0622989 879.492
-0.062545 881.495
-0.0628422 883.499
-0.062339 885.502
-0.0615133 887.505
-0.061161 889.509
-0.0607592 891.512
-0.0597526 893.516
-0.0588959 895.519
-0.0587248 897.522
-0.0585262 899.526
-0.0580238 901.529
-0.0580506 903.533
-0.0587571 905.536
-0.0592917 907.539
-0.0596049 909.543
-0.0604043 911.546
-0.0614186 913.55
-0.0618297 915.553
-0.0619254 917.556
-0.0623526 919.56
-0.0626432 921.563
-0.0622494 923.567
-0.0617721 925.57
-0.0616593 927.573
-0.0612501 929.577
-0.0602924 931.58
-0.0596091 933.584
-0.0594353 935.587
-0.0590567 937.59
-0.0585149 939.594
-0.0585994 941.597
-0.0591161 943.601
-0.0592493 945.604
-0.0592698 947.607
-0.0598729 949.611
-0.0605932 951.614
-0.0607668 953.618
-0.0609287 955.621
-0.0615762 957.624
-0.0620034 959.628
-0.0617739 961.631
-0.0616263 963.635
-0.0618388 965.638
-0.0616345 967.641
-0.0609249 969.645
-0.0605631 971.648
-0.0605411 973.652
-0.0600724 975.655
-0.0593779 977.658
-0.0592663 979.662
-0.0594219 981.665
-0.0591399 983.669
-0.0588949 985.672
-0.0593132 987.675
-0.0597968 989.679
-0.0598104 991.682
-0.060024 993.686
-0.0608122 995.689
-0.0613714 997.692
-0.0613717 999.696
-0.0615591 1001.7
-0.0620334 1003.7
-0.0619776 1005.71
-0.0614245 1007.71
-0.0612105 1009.71
-0.0612165 1011.72
-0.0607002 1013.72
-0.0599632 1015.72
-0.0597356 1017.73
-0.0596566 1019.73
-0.0591543 1021.73
-0.0587733 1023.74
-0.0590549 1025.74
-0.0594198 1027.74
-0.0594497 1029.75
-0.0597367 1031.75
-0.0604807 1033.75
-0.0609512 1035.76
-0.0609923 1037.76
-0.0612725 1039.76
-0.0617605 1041.77
-0.0617711 1043.77
-0.0614459 1045.77
-0.0614148 1047.78
-0.0614141 1049.78
-0.0609062 1051.78
-0.0603189 1053.79
-0.0601762 1055.79
-0.060033 1057.79
-0.0595337 1059.8
-0.059249 1061.8
-0.0594608 1063.8
-0.0595756 1065.81
-0.0594365 1067.81
-0.0596404 1069.81
-0.0601818 1071.82
-0.0604157 1073.82
-0.0604152 1075.82
-0.0607496 1077.83
-0.0611924 1079.83
-0.0612007 1081.84
-0.0610897 1083.84
-0.0613156 1085.84
-0.0614511 1087.85
-0.0611105 1089.85
-0.0607908 1091.85
-0.0607907 1093.86
-0.0605947 1095.86
-0.0600739 1097.86
-0.0598417 1099.87
-0.0599559 1101.87
-0.0598112 1103.87
-0.0594749 1105.88
-0.0595474 1107.88
-0.0598526 1109.88
-0.0598345 1111.89
-0.0597932 1113.89
-0.0602328 1115.89
-0.060725 1117.9
-0.060781 1119.9
-0.0608492 1121.9
-0.0612711 1123.91
-0.0614819 1125.91
-0.0612093 1127.91
-0.0610577 1129.92
-0.0611993 1131.92
-0.0610191 1133.92
-0.0604811 1135.93
-0.0602371 1137.93
-0.0602513 1139.93
-0.0599383 1141.94
-0.0594969 1143.94
-0.0595237 1145.94
-0.0597537 1147.95
-0.0596649 1149.95
-0.0596136 1151.95
-0.060034 1153.96
-0.0604629 1155.96
-0.0605092 1157.96
-0.0606424 1159.97
-0.0610968 1161.97
-0.061303 1163.97
-0.0610893 1165.98
-0.0610341 1167.98
-0.0612115 1169.98
-0.0610583 1171.99
-0.0606282 1173.99
-0.0604921 1175.99
-0.0605189 1178
-0.060199 1180
-0.0597933 1182.01
-0.0598054 1184.01
-0.0599355 1186.01
-0.0597758 1188.02
-0.0597034 1190.02
-0.0600317 1192.02
-0.0602982 1194.03
-0.0602401 1196.03
-0.0603226 1198.03
-0.0606902 1200.04
-0.0608492 1202.04
-0.0607451 1204.04
-0.060854 1206.05
-0.0611085 1208.05
-0.0610304 1210.05
-0.0607683 1212.06
-0.0607632 1214.06
-0.0607954 1216.06
-0.0605047 1218.07
-0.0602144 1220.07
-0.0602403 1222.07
-0.0602177 1224.08
-0.0599301 1226.08
-0.0598075 1228.08
-0.0599961 1230.09
-0.0600474 1232.09
-0.0599104 1234.09
-0.0600406 1236.1
-0.0603874 1238.1
-0.0604869 1240.1
-0.0604583 1242.11
-0.0607148 1244.11
-0.0610231 1246.11
-0.0609777 1248.12
-0.0608562 1250.12
-0.0609857 1252.12
-0.0610156 1254.13
-0.0606959 1256.13
-0.0604523 1258.13
-0.0604906 1260.14
-0.0603817 1262.14
-0.0600322 1264.14
-0.0599118 1266.15
-0.0600417 1268.15
-0.0599675 1270.15
-0.0597799 1272.16
-0.059938 1274.16
-0.0602674 1276.16
-0.0603218 1278.17
-0.0603239 1280.17
-0.0606319 1282.17
-0.0609071 1284.18
-0.0608166 1286.18
-0.0607432 1288.19
-0.0609448 1290.19
-0.060992 1292.19
-0.0607087 1294.2
-0.0605633 1296.2
-0.0606593 1298.2
-0.0605282 1300.21
-0.0601734 1302.21
-0.0600896 1304.21
-0.060218 1306.22
-0.0601048 1308.22
-0.0599017 1310.22
-0.0600321 1312.23
-0.0602665 1314.23
-0.0602191 1316.23
-0.0601694 1318.24
-0.0604292 1320.24
-0.0606491 1322.24
-0.0605668 1324.25
-0.0605532 1326.25
-0.0607841 1328.25
-0.0608581 1330.26
-0.0606761 1332.26
-0.0606481 1334.26
-0.0607895 1336.27
-0.0606911 1338.27
-0.0604179 1340.27
-0.0603716 1342.28
-0.0604324 1344.28
-0.0602542 1346.28
-0.0600462 1348.29
-0.0601266 1350.29
-0.060235 1352.29
-0.0601072 1354.3
-0.0600471 1356.3
-0.0602541 1358.3
-0.0603896 1360.31
-0.0603223 1362.31
-0.060405 1364.31
-0.0606819 1366.32
-0.0607706 1368.32
-0.0606714 1370.32
-0.0607324 1372.33
-0.0608682 1374.33
-0.0607528 1376.33
-0.060547 1378.34
-0.0605544 1380.34
-0.0605694 1382.34
-0.0603493 1384.35
-0.060164 1386.35
-0.0602164 1388.36
-0.060217 1390.36
-0.0600438 1392.36
-0.0600257 1394.37
-0.0602229 1396.37
-0.06029 1398.37
-0.0602265 1400.38
-0.0603633 1402.38
-0.0606143 1404.38
-0.0606394 1406.39
-0.0605693 1408.39
-0.0607028 1410.39
-0.0608365 1412.4
-0.0607005 1414.4
-0.0605517 1416.4
-0.0606245 1418.41
-0.0606317 1420.41
-0.0604057 1422.41
-0.0602791 1424.42
-0.0603707 1426.42
-0.0603349 1428.42
-0.0601254 1430.43
-0.0601094 1432.43
-0.0602799 1434.43
-0.0602793 1436.44
-0.0601775 1438.44
-0.0603052 1440.44
-0.0605136 1442.45
-0.0604821 1444.45
-0.0604056 1446.45
-0.0605621 1448.46
-0.0607047 1450.46
-0.0606008 1452.46
-0.0605341 1454.47
-0.0606763 1456.47
-0.0607059 1458.47
-0.0605073 1460.48
-0.0604243 1462.48
-0.0605193 1464.48
-0.0604537 1466.49
-0.0602417 1468.49
-0.0602288 1470.49
-0.0603474 1472.5
-0.0602725 1474.5
-0.0601317 1476.5
-0.0602265 1478.51
-0.0603811 1480.51
-0.0603303 1482.51
-0.0602893 1484.52
-0.0604702 1486.52
-0.060612 1488.53
-0.0605412 1490.53
-0.0605324 1492.53
-0.0606935 1494.54
-0.0607262 1496.54
-0.0605728 1498.54
-0.0605318 1500.55
-0.0606052 1502.55
-0.0605119 1504.55
-0.0603208 1506.56
-0.0603112 1508.56
-0.0603737 1510.56
-0.0602661 1512.57
-0.0601518 1514.57
-0.0602404 1516.57
-0.0603304 1518.58
-0.0602579 1520.58
-0.0602569 1522.58
-0.0604379 1524.59
-0.0605346 1526.59
-0.0604749 1528.59
-0.0605193 1530.6
-0.0606696 1532.6
-0.0606548 1534.6
-0.0605263 1536.61
-0.0605491 1538.61
-0.0606272 1540.61
-0.0605223 1542.62
-0.0603822 1544.62
-0.0604186 1546.62
-0.0604485 1548.63
-0.0603069 1550.63
-0.0602201 1552.63
-0.0603178 1554.64
-0.0603548 1556.64
-0.0602517 1558.64
-0.060266 1560.65
-0.0604201 1562.65
-0.0604452 1564.65
-0.0603649 1566.66
-0.0604377 1568.66
-0.0605828 1570.66
-0.0605507 1572.67
-0.060466 1574.67
-0.0605523 1576.67
-0.0606393 1578.68
-0.0605326 1580.68
-0.0604409 1582.68
-0.0605228 1584.69
-0.0605406 1586.69
-0.0603813 1588.69
-0.0603092 1590.7
-0.0603989 1592.7
-0.060382 1594.71
-0.0602412 1596.71
-0.0602538 1598.71
-0.0603895 1600.72
-0.0603741 1602.72
-0.0602813 1604.72
