0 -0
-0.000326748 -0.3
-0.000653521 -0.6
-0.000980321 -0.9
-0.00130715 -1.2
-0.001634 -1.5
-0.00196087 -1.8
-0.00228777 -2.1
-0.0026147 -2.4
-0.00294166 -2.7
-0.00326863 -3
-0.00359564 -3.3
-0.00392267 -3.6
-0.00424973 -3.9
-0.00457681 -4.2
-0.00490392 -4.5
-0.00523105 -4.8
-0.00555821 -5.1
-0.00588539 -5.4
-0.0062126 -5.7
-0.00653984 -6
-0.0068671 -6.3
-0.00719439 -6.6
-0.0075217 -6.9
-0.00784904 -7.2
-0.00817641 -7.5
-0.0085038 -7.8
-0.00883121 -8.1
-0.00915865 -8.4
-0.00948612 -8.7
-0.00981362 -9
-0.0101411 -9.3
-0.0104687 -9.6
-0.0107962 -9.9
-0.0111238 -10.2
-0.0114515 -10.5
-0.0117791 -10.8
-0.0121068 -11.1
-0.0124345 -11.4
-0.0127622 -11.7
-0.01309 -12
-0.0134177 -12.3
-0.0137455 -12.6
-0.0140734 -12.9
-0.0144012 -13.2
-0.0147291 -13.5
-0.015057 -13.8
-0.0153849 -14.1
-0.0157129 -14.4
-0.0160409 -14.7
-0.0163689 -15
-0.0166969 -15.3
-0.017025 -15.6
-0.0173531 -15.9
-0.0176812 -16.2
-0.0180093 -16.5
-0.0183375 -16.8
-0.0186656 -17.1
-0.0189939 -17.4
-0.0193221 -17.7
-0.0196504 -18
-0.0199787 -18.3
-0.020307 -18.6
-0.0206353 -18.9
-0.0209637 -19.2
-0.0212921 -19.5
-0.0216205 -19.8
-0.0219489 -20.1
-0.0222774 -20.4
-0.0226059 -20.7
-0.0229344 -21
-0.023263 -21.3
-0.0235915 -21.6
-0.0239201 -21.9
-0.0242488 -22.2
-0.0245774 -22.5
-0.0249061 -22.8
-0.0252348 -23.1
-0.0255635 -23.4
-0.0258923 -23.7
-0.026221 -24
-0.0265498 -24.3
-0.0268787 -24.6
-0.0272075 -24.9
-0.0275364 -25.2
-0.0278653 -25.5
-0.0281942 -25.8
-0.0285232 -26.1
-0.0288522 -26.4
-0.0291812 -26.7
-0.0295102 -27
-0.0298393 -27.3
-0.0301684 -27.6
-0.0304975 -27.9
-0.0308266 -28.2
-0.0311558 -28.5
-0.031485 -28.8
-0.0318142 -29.1
-0.0321434 -29.4
-0.0324727 -29.7
-0.032802 -30
-0.0331313 -30.3
-0.0334607 -30.6
-0.03379 -30.9
-0.0341194 -31.2
-0.0344488 -31.5
-0.0347783 -31.8
-0.0351078 -32.1
-0.0354372 -32.4
-0.0357668 -32.7
-0.0360963 -33
-0.0364259 -33.3
-0.0367555 -33.6
-0.0370851 -33.9
-0.0374148 -34.2
-0.0377444 -34.5
-0.0380742 -34.8
-0.0384039 -35.1
-0.0387336 -35.4
-0.0390634 -35.7
-0.0393932 -36
-0.039723 -36.3
-0.0400529 -36.6
-0.0403828 -36.9
-0.0407127 -37.2
-0.0410426 -37.5
-0.0413726 -37.8
-0.0417026 -38.1
-0.0420326 -38.4
-0.0423626 -38.7
-0.0426927 -39
-0.0430228 -39.3
-0.0433529 -39.6
-0.043683 -39.9
-0.0440132 -40.2
-0.0443434 -40.5
-0.0446736 -40.8
-0.0450038 -41.1
-0.0453341 -41.4
-0.0456644 -41.7
-0.0459947 -42
-0.0463251 -42.3
-0.0466554 -42.6
-0.0469858 -42.9
-0.0473162 -43.2
-0.0476467 -43.5
-0.0479772 -43.8
-0.0483077 -44.1
-0.0486382 -44.4
-0.0489687 -44.7
-0.0492993 -45
-0.0496299 -45.3
-0.0499605 -45.6
-0.0502912 -45.9
-0.0506219 -46.2
-0.0509526 -46.5
-0.0512833 -46.8
-0.0516141 -47.1
-0.0519448 -47.4
-0.0522756 -47.7
-0.0526065 -48
-0.0529373 -48.3
-0.0532682 -48.6
-0.0535991 -48.9
-0.0539301 -49.2
-0.054261 -49.5
-0.054592 -49.8
-0.054923 -50.1
-0.0552541 -50.4
-0.0555851 -50.7
-0.0559162 -51
-0.0562473 -51.3
-0.0565785 -51.6
-0.0569096 -51.9
-0.0572408 -52.2
-0.057572 -52.5
-0.0579033 -52.8
-0.0582346 -53.1
-0.0585659 -53.4
-0.0588972 -53.7
-0.0592285 -54
-0.0595599 -54.3
-0.0598913 -54.6
-0.0602227 -54.9
-0.0605542 -55.2
-0.0608856 -55.5
-0.0612171 -55.8
-0.0615487 -56.1
-0.0618802 -56.4
-0.0622118 -56.7
-0.0625434 -57
-0.062875 -57.3
-0.0632067 -57.6
-0.0635383 -57.9
-0.06387 -58.2
-0.0642018 -58.5
-0.0645335 -58.8
-0.0648653 -59.1
-0.0651971 -59.4
-0.065529 -59.7
-0.0658608 -60
-0.0661927 -60.3
-0.0665246 -60.6
-0.0668565 -60.9
-0.0671885 -61.2
-0.0675205 -61.5
-0.0678525 -61.8
-0.0681845 -62.1
-0.0685166 -62.4
-0.0688487 -62.7
-0.0691808 -63
-0.069513 -63.3
-0.0698451 -63.6
-0.0701773 -63.9
-0.0705095 -64.2
-0.0708418 -64.5
-0.071174 -64.8
-0.0715063 -65.1
-0.0718387 -65.4
-0.072171 -65.7
-0.0725034 -66
-0.0728358 -66.3
-0.0731682 -66.6
-0.0735006 -66.9
-0.0738331 -67.2
-0.0741656 -67.5
-0.0744981 -67.8
-0.0748307 -68.1
-0.0751633 -68.4
-0.0754959 -68.7
-0.0758285 -69
-0.0761612 -69.3
-0.0764938 -69.6
-0.0768265 -69.9
-0.0771593 -70.2
-0.077492 -70.5
-0.0778248 -70.8
-0.0781576 -71.1
-0.0784905 -71.4
-0.0788233 -71.7
-0.0791562 -72
-0.0794891 -72.3
-0.079822 -72.6
-0.080155 -72.9
-0.080488 -73.2
-0.080821 -73.5
-0.081154 -73.8
-0.0814871 -74.1
-0.0818202 -74.4
-0.0821533 -74.7
-0.0824864 -75
-0.0828196 -75.3
-0.0831528 -75.6
-0.083486 -75.9
-0.0838193 -76.2
-0.0841525 -76.5
-0.0844858 -76.8
-0.0848192 -77.1
-0.0851525 -77.4
-0.0854859 -77.7
-0.0858193 -78
-0.0861527 -78.3
-0.0864861 -78.6
-0.0868196 -78.9
-0.0871531 -79.2
-0.0874866 -79.5
-0.0878202 -79.8
-0.0881538 -80.1
-0.0884874 -80.4
-0.088821 -80.7
-0.0891547 -81
-0.0894883 -81.3
-0.089822 -81.6
-0.0901558 -81.9
-0.0904895 -82.2
-0.0908233 -82.5
-0.0911571 -82.8
-0.0914909 -83.1
-0.0918248 -83.4
-0.0921587 -83.7
-0.0924926 -84
-0.0928265 -84.3
-0.0931605 -84.6
-0.0934945 -84.9
-0.0938285 -85.2
-0.0941625 -85.5
-0.0944966 -85.8
-0.0948307 -86.1
-0.0951648 -86.4
-0.0954989 -86.7
-0.0958331 -87
-0.0961673 -87.3
-0.0965015 -87.6
-0.0968358 -87.9
-0.09717 -88.2
-0.0975043 -88.5
-0.0978386 -88.8
-0.098173 -89.1
-0.0985074 -89.4
-0.0988418 -89.7
-0.0991762 -90
-0.0995106 -90.3
-0.0998451 -90.6
-0.10018 -90.9
-0.100514 -91.2
-0.100849 -91.5
-0.101183 -91.8
-0.101518 -92.1
-0.101852 -92.4
-0.102187 -92.7
-0.102522 -93
-0.102857 -93.3
-0.103191 -93.6
-0.103526 -93.9
-0.103861 -94.2
-0.104196 -94.5
-0.10453 -94.8
-0.104865 -95.1
-0.1052 -95.4
-0.105535 -95.7
-0.10587 -96
-0.106205 -96.3
-0.10654 -96.6
-0.106875 -96.9
-0.10721 -97.2
-0.107545 -97.5
-0.10788 -97.8
-0.108215 -98.1
-0.10855 -98.4
-0.108886 -98.7
-0.109221 -99
-0.109556 -99.3
-0.109891 -99.6
-0.110226 -99.9
-0.110562 -100.2
-0.110897 -100.5
-0.111232 -100.8
-0.111568 -101.1
-0.111903 -101.4
-0.112239 -101.7
-0.112574 -102
-0.11291 -102.3
-0.113245 -102.6
-0.113581 -102.9
-0.113916 -103.2
-0.114252 -103.5
-0.114587 -103.8
-0.114923 -104.1
-0.115259 -104.4
-0.115594 -104.7
-0.11593 -105
-0.116266 -105.3
-0.116601 -105.6
-0.116937 -105.9
-0.117273 -106.2
-0.117609 -106.5
-0.117945 -106.8
-0.118281 -107.1
-0.118616 -107.4
-0.118952 -107.7
-0.119288 -108
-0.119624 -108.3
-0.11996 -108.6
-0.120296 -108.9
-0.120632 -109.2
-0.120969 -109.5
-0.121305 -109.8
-0.121641 -110.1
-0.121977 -110.4
-0.122313 -110.7
-0.122649 -111
-0.122986 -111.3
-0.123322 -111.6
-0.123658 -111.9
-0.123994 -112.2
-0.124331 -112.5
-0.124667 -112.8
-0.125004 -113.1
-0.12534 -113.4
-0.125676 -113.7
-0.126013 -114
-0.126349 -114.3
-0.126686 -114.6
-0.127022 -114.9
-0.127359 -115.2
-0.127696 -115.5
-0.128032 -115.8
-0.128369 -116.1
-0.128706 -116.4
-0.129042 -116.7
-0.129379 -117
-0.129716 -117.3
-0.130053 -117.6
-0.130389 -117.9
-0.130726 -118.2
-0.131063 -118.5
-0.1314 -118.8
-0.131737 -119.1
-0.132074 -119.4
-0.132411 -119.7
-0.132748 -120
-0.133085 -120.3
-0.133422 -120.6
-0.133759 -120.9
-0.134096 -121.2
-0.134433 -121.5
-0.13477 -121.8
-0.135107 -122.1
-0.135444 -122.4
-0.135782 -122.7
-0.136119 -123
-0.136456 -123.3
-0.136793 -123.6
-0.137131 -123.9
-0.137468 -124.2
-0.137805 -124.5
-0.138143 -124.8
-0.13848 -125.1
-0.138818 -125.4
-0.139155 -125.7
-0.139493 -126
-0.13983 -126.3
-0.140168 -126.6
-0.140505 -126.9
-0.140843 -127.2
-0.141181 -127.5
-0.141518 -127.8
-0.141856 -128.1
-0.142194 -128.4
-0.142531 -128.7
-0.142869 -129
-0.143207 -129.3
-0.143545 -129.6
-0.143882 -129.9
-0.14422 -130.2
-0.144558 -130.5
-0.144896 -130.8
-0.145234 -131.1
-0.145572 -131.4
-0.14591 -131.7
-0.146248 -132
-0.146586 -132.3
-0.146924 -132.6
-0.147262 -132.9
-0.1476 -133.2
-0.147938 -133.5
-0.148276 -133.8
-0.148615 -134.1
-0.148953 -134.4
-0.149291 -134.7
-0.149629 -135
-0.149968 -135.3
-0.150306 -135.6
-0.150644 -135.9
-0.150983 -136.2
-0.151321 -136.5
-0.151659 -136.8
-0.151998 -137.1
-0.152336 -137.4
-0.152675 -137.7
-0.153013 -138
-0.153352 -138.3
-0.15369 -138.6
-0.154029 -138.9
-0.154368 -139.2
-0.154706 -139.5
-0.155045 -139.8
-0.155384 -140.1
-0.155722 -140.4
-0.156061 -140.7
-0.1564 -141
-0.156739 -141.3
-0.157078 -141.6
-0.157416 -141.9
-0.157755 -142.2
-0.158094 -142.5
-0.158433 -142.8
-0.158772 -143.1
-0.159111 -143.4
-0.15945 -143.7
-0.159789 -144
-0.160128 -144.3
-0.160467 -144.6
-0.160806 -144.9
-0.161145 -145.2
-0.161485 -145.5
-0.161824 -145.8
-0.162163 -146.1
-0.162502 -146.4
-0.162841 -146.7
-0.163181 -147
-0.16352 -147.3
-0.163859 -147.6
-0.164199 -147.9
-0.164538 -148.2
-0.164878 -148.5
-0.165217 -148.8
-0.165556 -149.1
-0.165896 -149.4
-0.166235 -149.7
-0.166575 -150
